2 1 person 785 158 88 197 5.76009 -1.69362 -0.739708
3 1 person 784 158 87 164 5.76009 -1.69362 -0.739708
4 1 person 792 158 75 173 5.82585 -1.67139 -0.753491
5 1 person 795 160 68 165 2.69503 -0.741227 -0.258539
6 1 person 803 163 70 166 0.696754 -0.133183 0.0943957
7 1 person 794 159 90 186 7.91144 -1.25404 -0.723581
8 1 person 806 163 69 192 7.83804 -1.21295 -0.689112
9 1 person 806 169 66 187 8.03331 -0.628759 -0.829995
10 1 person 797 171 87 191 7.89986 -1.02099 -0.739716
11 1 person 804 166 71 193 5.48255 -0.058342 -0.450274
12 1 person 800 171 78 162 9.78198 -0.646722 -0.819114
13 1 person 793 163 73 180 9.78198 -0.646722 -0.819114
14 1 person 794 165 71 167 9.75929 -0.625779 -0.847477
15 1 person 794 168 68 161 4.3103 0.332922 -0.163858
16 1 person 782 169 69 158 4.11067 0.384349 -0.107856
17 1 person 782 175 67 150 3.77802 0.448409 -0.0633938
18 1 person 772 183 66 150 4.11067 0.384349 -0.107856
19 1 person 768 189 72 150 4.3103 0.332922 -0.163858
20 1 person 759 191 71 157 13.0122 0.75103 -0.803839
21 1 person 757 187 70 155 12.9692 0.702076 -0.798945
22 1 person 745 185 71 157 13.0122 0.75103 -0.803839
23 1 person 740 189 76 146 9.09634 0.829988 -0.396762
24 1 person 734 182 63 155 8.74818 0.895737 -0.375692
25 1 person 726 183 56 151 12.912 1.57526 -0.417975
27 1 person 705 181 62 129 9.16087 1.08677 -0.370906
28 1 person 693 169 65 143 13.7739 1.8008 -0.451605
30 1 person 670 171 67 134 9.44311 1.07598 -0.462385
31 1 person 658 171 65 138 9.14499 1.05677 -0.434532
32 1 person 650 176 60 139 11.2571 1.44046 -0.404683
33 1 person 639 175 60 138 8.84431 1.02747 -0.409125
34 1 person 631 172 52 140 10.8269 1.95719 -0.513445
35 1 person 622 166 53 145 17.6339 5.21359 -1.48774
36 1 person 614 165 50 144 16.3565 4.872 -1.35075
37 1 person 609 162 47 151 13.038 3.63736 -0.813726
40 1 person 605 155 47 151 13.0537 3.59327 -0.696427
43 1 person 601 148 47 151 13.976 4.26602 -0.657329
49 1 person 593 134 47 151 18.2524 8.32269 -0.551587
52 1 person 589 127 47 151 34.9719 22.7832 0.486339
63 1 person 585 120 47 151 28.5998 20.4455 -0.928348
66 1 person 581 113 47 151 37.8708 31.0852 -0.455774
70 1 person 577 106 47 151 37.3879 29.6147 -0.21798
73 1 person 573 99 47 151 36.3585 27.2217 -0.91828
76 1 person 569 92 47 151 36.5899 26.2077 -0.627922
79 1 person 565 85 47 151 36.9891 25.1854 0.372823
82 1 person 561 78 47 151 34.1773 21.8319 -0.190794
110 1 person 557 71 47 151 59.0135 16.2605 -1.03117
113 1 person 553 69 47 151 46.209 15.7693 -0.414238
122 1 person 541 69 47 151 45.6325 15.9386 -0.391305
128 1 person 533 69 47 151 69.3508 5.7151 -0.78272
131 1 person 529 69 47 151 69.7668 5.93471 -0.911917
134 1 person 525 69 47 151 61.2479 8.74814 -0.29991
137 1 person 521 69 47 151 69.9528 6.22523 0.0664589
140 1 person 517 69 47 151 67.7794 7.61577 -0.626719
143 1 person 513 69 47 151 66.1821 7.87845 -0.561472
146 1 person 509 69 47 151 61.3322 9.67308 -0.532642
