86 22 train 487 152 76 63 88.9234 -3.79154 0.488045
87 22 train 486 150 78 66 88.9234 -3.79154 0.488045
88 22 train 479 150 85 67 88.9234 -3.79154 0.488045
89 22 train 473 149 89 69 88.9234 -3.79154 0.488045
90 22 train 468 148 91 72 88.9234 -3.79154 0.488045
91 22 train 461 147 94 75 88.9234 -3.79154 0.488045
92 22 train 455 147 96 77 88.9234 -3.79154 0.488045
93 22 train 449 149 100 77 90.6415 -4.19452 0.666766
94 22 train 445 148 100 78 91.0646 -4.88005 1.09195
95 22 train 432 148 107 80 90.7074 -4.38437 1.01504
96 22 train 431 145 108 85 91.3598 -4.67319 1.37135
97 22 train 420 144 116 89 91.3598 -4.67319 1.37135
98 22 train 415 144 117 91 91.3598 -4.67319 1.37135
99 22 train 403 143 126 95 91.2206 -3.67342 0.420292
100 22 train 397 141 125 98 91.5865 -4.03761 0.727124
101 22 train 386 139 132 100 91.5865 -4.03761 0.727124
102 22 train 377 137 134 103 91.7813 -4.09959 1.26343
103 22 train 365 135 142 106 91.7813 -4.09959 1.26343
104 22 train 354 134 148 111 91.7813 -4.09959 1.26343
105 22 train 341 135 157 112 91.7813 -4.09959 1.26343
106 22 train 328 133 165 119 91.7813 -4.09959 1.26343
107 22 train 313 131 175 124 91.6176 -3.95183 1.1572
108 22 train 296 129 189 129 91.6159 -3.92831 1.29431
109 22 train 276 126 204 136 91.6159 -3.92831 1.29431
110 22 train 256 122 207 144 91.4067 -3.99006 1.35844
111 22 train 230 120 219 150 91.795 -3.87257 1.31504
112 22 train 211 119 241 158 92.3278 -4.0421 1.19903
113 22 train 177 116 260 168 93.3728 -2.78733 1.04737
114 22 train 147 115 292 178 93.4409 -3.13669 1.06307
115 22 train 110 107 329 195 93.5381 -2.33807 0.838909
116 22 train 87 101 340 202 92.7556 -3.44092 1.07097
117 22 train 25 95 381 207 93.1521 -3.17946 1.12052
118 22 train 0 85 393 227 91.3165 -4.89206 0.751876
119 22 train 2 84 366 260 90.4189 -4.15322 0.544562
120 22 train 0 63 364 311 89.9542 -4.16443 0.506435
