1 0 car 294 148 154 130 11.7094 3.77919 -0.875602
2 0 car 295 153 150 121 11.7094 3.77919 -0.875602
3 0 car 291 142 150 118 11.7094 3.77919 -0.875602
4 0 car 291 144 149 122 10.3218 3.45586 -0.640623
5 0 car 291 150 147 117 10.4273 3.55816 -0.63703
6 0 car 287 153 149 111 11.2506 3.89987 -0.752031
7 0 car 286 154 149 111 14.3399 5.53763 -0.992693
8 0 car 287 156 142 111 14.3399 5.53763 -0.992693
9 0 car 285 155 144 109 14.3399 5.53763 -0.992693
10 0 car 282 155 144 112 12.6243 4.91118 -0.799223
11 0 car 280 157 143 110 11.9253 4.65481 -0.705441
12 0 car 281 156 139 112 16.6448 7.58617 -1.03673
13 0 car 276 156 141 107 16.6448 7.58617 -1.03673
14 0 car 277 156 142 107 16.5796 7.47312 -1.04961
15 0 car 276 158 138 105 16.6448 7.58617 -1.03673
16 0 car 277 146 139 106 14.4061 6.40161 -0.744125
17 0 car 275 153 137 104 14.3449 6.43372 -0.692738
18 0 car 276 158 136 104 14.4387 6.55359 -0.681438
19 0 car 278 162 133 106 14.4387 6.55359 -0.681438
20 0 car 280 169 129 103 19.1991 9.85722 -0.986505
21 0 car 284 175 127 98 19.1991 9.85722 -0.986505
22 0 car 289 173 121 97 18.81 9.56353 -0.896438
23 0 car 294 171 117 97 18.81 9.56353 -0.896438
24 0 car 297 172 113 94 17.2912 8.53661 -0.859079
25 0 car 304 171 107 94 17.1507 8.45789 -0.816657
26 0 car 310 160 103 97 17.1507 8.45789 -0.816657
27 0 car 318 157 98 94 17.4853 8.80409 -0.829824
28 0 car 326 157 91 96 17.4853 8.80409 -0.829824
29 0 car 330 162 93 89 18.9075 9.93343 -0.91872
30 0 car 336 162 89 93 18.9504 10.1824 -0.873608
31 0 car 341 159 89 92 18.9504 10.1824 -0.873608
32 0 car 349 157 88 94 19.2812 10.4708 -0.846322
33 0 car 359 159 89 92 18.7329 9.96655 -0.8749
34 0 car 364 158 97 88 22.7124 12.9338 -1.16337
35 0 car 372 161 101 84 22.9789 13.062 -1.25325
36 0 car 382 158 104 85 22.9789 13.062 -1.25325
118 0 car 6 202 127 131 48.0264 19.494 -1.22738
119 0 car 4 237 94 112 48.9014 19.2858 -1.46114
123 0 car 744 192 116 73 58.3556 7.06343 -0.835057
124 0 car 732 193 128 77 58.3371 7.19473 -0.935654
125 0 car 727 191 124 84 58.3488 7.17423 -0.993091
126 0 car 715 190 134 88 57.89 7.71731 -0.915852
127 0 car 714 189 131 93 57.89 7.71731 -0.915852
128 0 car 706 188 138 97 57.89 7.71731 -0.915852
129 0 car 709 187 134 104 57.89 7.71731 -0.915852
130 0 car 711 187 137 110 57.9935 7.64339 -0.936256
131 0 car 716 188 139 116 57.9935 7.64339 -0.936256
132 0 car 718 187 152 126 58.0418 7.56931 -0.915661
133 0 car 725 191 166 129 57.7514 7.67248 -1.04936
134 0 car 740 189 176 137 57.8291 7.84398 -1.03229
135 0 car 763 193 188 146 57.7705 7.88168 -1.13107
136 0 car 792 196 199 146 57.6988 7.71926 -0.925679
137 0 car 814 185 235 189 57.6528 7.65079 -0.840175
138 0 car 851 180 262 194 57.8944 7.47438 -0.853534
139 0 car 894 187 340 187 58.2516 6.67522 -0.722017
140 0 car 944 197 297 169 58.3938 6.85777 -0.716517
141 0 car 1017 188 217 182 58.3213 7.72871 -0.679646
142 0 car 1095 176 144 198 59.4566 6.19688 -0.511238
146 0 car 792 187 440 187 62.557 6.87824 -0.906938
147 0 car 817 193 416 181 62.4733 7.03662 -0.937845
148 0 car 851 204 377 167 62.7444 7.01331 -0.952711
149 0 car 896 202 342 172 62.7425 7.08978 -1.05139
150 0 car 956 237 285 134 62.5651 7.14528 -0.955407
