109 5 car 875 189 103 53 46.4038 13.4515 -0.775383
110 5 car 864 190 99 51 46.4038 13.4515 -0.775383
111 5 car 854 190 107 52 58.5352 7.81152 -1.18996
112 5 car 840 189 103 54 51.8557 11.1812 -0.882409
113 5 car 833 186 106 58 54.8296 9.46777 -0.939886
114 5 car 819 188 104 56 58.4306 6.92048 -0.945416
115 5 car 814 187 106 61 58.4306 6.92048 -0.945416
116 5 car 808 189 106 60 58.4306 6.92048 -0.945416
117 5 car 794 191 107 66 58.5068 6.859 -1.03914
118 5 car 788 190 110 69 58.4306 6.92048 -0.945416
119 5 car 782 190 113 70 58.2484 6.95875 -0.799528
120 5 car 776 190 111 72 58.2663 7.06621 -0.822277
121 5 car 767 192 115 72 58.2719 7.25524 -0.689616
122 5 car 758 192 119 77 58.2652 7.36604 -0.847649
123 5 car 749 190 121 83 58.2652 7.36604 -0.847649
124 5 car 737 191 121 84 58.2652 7.36604 -0.847649
125 5 car 729 192 124 87 58.1073 7.6635 -1.01009
126 5 car 722 191 115 89 57.7954 8.01579 -1.01678
127 5 car 716 191 133 92 57.8682 8.04752 -1.05154
128 5 car 711 189 136 101 57.7954 8.01579 -1.01678
129 5 car 710 189 141 106 57.7954 8.01579 -1.01678
131 5 car 713 183 179 129 57.8959 7.84897 -0.798145
132 5 car 721 188 165 129 57.9443 7.77489 -0.77755
133 5 car 731 187 165 135 57.6873 7.87779 -0.920336
134 5 car 746 190 176 126 57.8152 7.87858 -0.779119
135 5 car 771 193 181 153 57.6097 8.06079 -0.957157
136 5 car 788 186 217 184 57.7029 7.94559 -0.819502
137 5 car 825 187 228 177 57.5045 7.80754 -0.65753
138 5 car 854 184 271 189 57.7993 7.66385 -0.702563
139 5 car 901 182 329 190 58.1933 6.8769 -0.588318
140 5 car 962 194 275 171 57.9614 7.97568 -0.600239
141 5 car 1022 191 211 174 58.3538 7.84346 -0.559566
