1 0 car 294 148 154 130 11.7094 3.77919 -0.875602
2 0 car 295 153 150 121 11.7094 3.77919 -0.875602
3 0 car 291 142 150 118 11.7094 3.77919 -0.875602
4 0 car 291 144 149 122 10.4002 3.47698 -0.626846
5 0 car 291 150 147 117 10.3222 3.52347 -0.633608
6 0 car 287 153 149 111 11.2036 3.91982 -0.754423
7 0 car 286 154 149 111 14.3777 5.53113 -0.973001
8 0 car 287 156 142 111 14.3777 5.53113 -0.973001
9 0 car 285 155 144 109 14.3777 5.53113 -0.973001
10 0 car 282 155 144 112 12.7515 4.94259 -0.782558
11 0 car 280 157 143 110 12.0405 4.68144 -0.688201
12 0 car 281 156 139 112 16.6875 7.57789 -1.01888
13 0 car 276 156 141 107 16.6875 7.57789 -1.01888
14 0 car 277 156 142 107 16.6223 7.46484 -1.03176
15 0 car 276 158 138 105 16.6875 7.57789 -1.01888
16 0 car 277 146 139 106 14.3826 6.3564 -0.725978
17 0 car 275 153 137 104 14.3501 6.40569 -0.674742
18 0 car 276 158 136 104 14.4256 6.51345 -0.662706
19 0 car 278 162 133 106 14.4256 6.51345 -0.662706
20 0 car 280 169 129 103 19.2411 9.84784 -0.970844
21 0 car 284 175 127 98 19.2411 9.84784 -0.970844
22 0 car 289 173 121 97 18.852 9.55414 -0.880776
23 0 car 294 171 117 97 18.852 9.55414 -0.880776
24 0 car 297 172 113 94 17.3519 8.53864 -0.844542
25 0 car 304 171 107 94 17.2064 8.45664 -0.801771
27 0 car 319 160 96 90 17.5495 8.8095 -0.814849
51 0 car 862 157 168 67 27.9516 9.25449 -0.589027
58 0 car 1016 150 189 87 41.4417 13.1788 -0.738402
59 0 car 1031 153 150 84 40.2669 13.4369 -0.793111
60 0 car 1049 147 182 99 40.2669 13.4369 -0.793111
61 0 car 1063 152 177 93 40.2669 13.4369 -0.793111
62 0 car 1083 149 136 98 34.8899 12.856 -0.291429
63 0 car 1100 151 141 96 32.7162 12.6867 -0.270043
65 0 car 1127 151 112 103 35.2322 13.1788 -0.191297
66 0 car 1142 152 99 104 41.1369 14.8661 -0.750222
140 0 car 581 175 100 75 69.4296 5.33685 -1.1564
