4 0 car 591 181 72 58 23.1014 -0.214176 -0.859646
5 0 car 588 183 72 57 23.1014 -0.214176 -0.859646
6 0 car 589 183 69 57 22.057 -0.723752 -0.675432
7 0 car 583 184 72 57 22.9876 -0.305641 -0.880817
8 0 car 584 184 70 57 22.057 -0.723752 -0.675432
9 0 car 582 183 68 58 13.2768 -0.280914 -0.212513
10 0 car 579 183 69 56 15.7031 -0.317188 -0.418404
11 0 car 576 183 68 55 15.1444 -0.235088 -0.357119
12 0 car 573 183 69 55 15.1444 -0.235088 -0.357119
13 0 car 571 182 67 53 22.4558 -0.487964 -0.706398
14 0 car 567 180 68 56 22.4558 -0.487964 -0.706398
15 0 car 566 180 67 57 21.6441 -0.11231 -0.613588
16 0 car 563 178 67 58 21.6441 -0.11231 -0.613588
17 0 car 563 177 63 56 22.2216 -0.102927 -0.47591
18 0 car 561 178 65 55 22.1725 -0.0141701 -0.479879
19 0 car 559 177 62 57 22.1725 -0.0141701 -0.479879
20 0 car 559 177 61 56 21.7049 -0.34745 -0.519218
21 0 car 560 180 60 54 22.0915 -0.640995 -0.605915
22 0 car 559 179 61 54 21.6441 -0.11231 -0.613588
24 0 car 560 180 60 54 19.82 -0.341476 -0.375308
25 0 car 561 179 59 55 21.6441 -0.11231 -0.613588
29 0 car 565 173 61 54 22.2216 -0.102927 -0.47591
30 0 car 566 175 59 55 21.9832 -0.352197 -0.54328
32 0 car 569 176 57 54 21.9832 -0.352197 -0.54328
33 0 car 568 178 58 52 21.9578 -0.221187 -0.539324
34 0 car 571 179 57 52 21.9832 -0.352197 -0.54328
35 0 car 570 177 58 54 22.2216 -0.102927 -0.47591
36 0 car 572 179 65 50 20.6498 -0.563106 -0.472193
37 0 car 573 177 58 55 21.9832 -0.352197 -0.54328
38 0 car 574 176 56 53 21.9832 -0.352197 -0.54328
39 0 car 575 178 56 50 21.9832 -0.352197 -0.54328
40 0 car 567 170 74 66 20.9739 -0.342599 -0.425406
41 0 car 577 177 58 52 49.0616 4.13663 -0.381464
44 0 car 577 179 54 50 77.0864 9.38128 -0.427245
46 0 car 576 181 54 48 77.0864 9.38128 -0.427245
50 0 car 577 181 54 51 86.5796 10.4295 0.0982834
58 0 car 568 179 53 50 94.8632 12.4464 0.386782
59 0 car 567 181 52 51 94.8632 12.4464 0.386782
60 0 car 568 182 51 52 94.8632 12.4464 0.386782
121 0 car 563 172 63 61 185.015 27.8338 1.30777
122 0 car 563 172 63 61 185.015 27.8338 1.30777
127 0 car 569 179 52 50 192.314 29.5376 1.45941
161 0 car 599 178 57 54 230.195 36.0861 2.54458
162 0 car 600 178 56 54 230.195 36.0861 2.54458
166 0 car 602 180 55 54 231.49 36.2505 2.55038
170 0 car 601 182 56 53 241.56 38.1097 2.75613
171 0 car 601 182 57 55 230.195 36.0861 2.54458
172 0 car 602 181 57 56 231.281 36.043 2.4526
173 0 car 601 182 59 56 235.594 36.7343 2.55389
175 0 car 601 182 60 57 245.809 38.4155 2.6731
177 0 car 600 181 62 57 248.498 38.7929 2.74239
178 0 car 599 179 62 59 248.498 38.7929 2.74239
179 0 car 599 179 62 59 244.568 38.4648 2.77822
180 0 car 599 179 62 58 252.021 39.2229 2.80521
181 0 car 599 179 62 60 248.887 38.7978 2.72628
182 0 car 599 177 62 62 248.887 38.7978 2.72628
183 0 car 598 177 62 59 248.887 38.7978 2.72628
184 0 car 598 174 65 59 246.551 38.589 2.72209
185 0 car 596 172 64 61 245.821 38.5695 2.87968
186 0 car 596 174 62 58 241.255 38.0508 2.70589
187 0 car 595 173 65 60 241.511 38.2004 2.78269
188 0 car 595 175 64 59 241.255 38.0508 2.70589
191 0 car 596 177 63 59 241.255 38.0508 2.70589
192 0 car 595 177 64 60 241.511 38.2004 2.78269
193 0 car 596 177 64 61 241.934 38.1823 2.89062
194 0 car 595 178 64 60 241.511 38.2004 2.78269
195 0 car 596 178 63 60 241.511 38.2004 2.78269
196 0 car 596 178 64 61 241.511 38.2004 2.78269
197 0 car 596 178 65 60 241.934 38.1823 2.89062
198 0 car 596 178 65 60 241.511 38.2004 2.78269
199 0 car 595 177 66 62 241.952 38.2666 2.90955
202 0 car 596 178 64 59 272.975 42.5152 3.44075
203 0 car 596 178 64 59 274.876 42.8113 3.43425
204 0 car 596 177 64 60 274.876 42.8113 3.43425
205 0 car 596 179 64 58 277.631 43.0403 3.37015
206 0 car 596 179 64 59 297.119 45.8853 3.86862
207 0 car 596 179 64 59 297.119 45.8853 3.86862
208 0 car 596 178 64 60 297.119 45.8853 3.86862
209 0 car 593 179 66 59 297.244 45.9425 3.81464
210 0 car 593 178 64 58 297.119 45.8853 3.86862
211 0 car 591 178 65 58 297.119 45.8853 3.86862
212 0 car 591 178 62 59 297.642 45.0969 3.52871
213 0 car 588 178 64 58 297.642 45.0969 3.52871
214 0 car 588 178 62 58 297.642 45.0969 3.52871
215 0 car 586 178 61 58 304.195 45.5172 3.29658
216 0 car 586 178 61 58 299.795 45.1239 3.35887
217 0 car 584 178 63 58 297.642 45.0969 3.52871
218 0 car 585 177 59 59 297.666 44.9738 3.46445
219 0 car 582 179 61 56 297.642 45.0969 3.52871
220 0 car 582 178 59 57 297.642 45.0969 3.52871
221 0 car 581 178 58 56 302.965 45.4374 3.37058
222 0 car 581 178 58 57 300.452 45.2903 3.46308
223 0 car 581 179 58 56 300.452 45.2903 3.46308
224 0 car 581 179 58 57 297.642 45.0969 3.52871
226 0 car 581 179 57 56 297.666 44.9738 3.46445
228 0 car 579 181 57 55 305.05 45.5643 3.48567
241 0 car 577 176 56 52 338.566 47.4349 4.85009
242 0 car 578 179 55 50 338.945 47.5088 4.82894
243 0 car 578 179 54 49 337.577 47.4662 4.90586
244 0 car 578 178 54 50 338.613 47.4856 4.88755
247 0 car 579 179 54 47 360.78 48.478 5.23668
248 0 car 579 179 54 47 359.8 48.4783 5.28406
249 0 car 579 179 54 47 360.213 48.4402 5.33321
250 0 car 580 171 67 60 361.984 48.3095 5.43588
251 0 car 581 177 59 49 361.867 48.312 5.45378
252 0 car 584 177 57 50 362.1 48.3032 5.45312
253 0 car 585 179 55 49 363.301 48.4013 5.44892
254 0 car 586 179 54 48 364.541 48.3576 5.59647
255 0 car 589 180 53 49 364.202 48.3458 5.49573
256 0 car 589 180 53 49 363.85 48.366 5.45114
266 0 car 589 180 53 49 346.955 48.318 6.23104
267 0 car 589 180 53 49 346.955 48.318 6.23104
270 0 car 602 179 58 49 365.749 48.0222 5.76256
271 0 car 604 176 54 52 366.005 48.0574 5.76327
272 0 car 606 179 53 48 372.784 47.514 5.68385
273 0 car 606 179 53 49 374.819 47.3139 5.72991
274 0 car 605 177 54 50 375.04 46.9071 5.97488
275 0 car 606 178 54 49 376.431 46.7676 5.9703
276 0 car 608 177 53 48 380.806 46.4906 5.74814
283 0 car 614 177 53 47 441.144 41.6884 6.76933
284 0 car 614 177 52 47 441.144 41.6884 6.76933
285 0 car 615 177 53 47 439.772 44.7072 6.33431
286 0 car 616 176 53 49 435.769 45.0135 6.52774
287 0 car 617 178 52 45 435.769 45.0135 6.52774
288 0 car 619 177 51 47 446.059 40.7233 6.69221
289 0 car 620 176 51 48 446.059 40.7233 6.69221
290 0 car 620 177 50 46 446.059 40.7233 6.69221
