4 0 car 590 181 73 58 23.1214 -0.2062 -0.865009
5 0 car 589 183 71 57 22.067 -0.442037 -0.59781
6 0 car 588 184 70 56 22.0769 -0.715776 -0.680795
7 0 car 584 184 71 56 23.0076 -0.297665 -0.886181
8 0 car 583 185 70 56 23.0076 -0.297665 -0.886181
9 0 car 581 185 69 55 16.8062 -0.0565729 -0.534941
10 0 car 578 184 69 55 15.1884 -0.228487 -0.363475
11 0 car 576 184 68 55 15.1884 -0.228487 -0.363475
12 0 car 573 183 68 54 15.1884 -0.228487 -0.363475
13 0 car 571 182 67 54 22.4757 -0.479988 -0.711762
14 0 car 568 181 68 55 22.4757 -0.479988 -0.711762
15 0 car 565 180 68 56 21.7081 -0.101219 -0.620012
16 0 car 562 179 68 57 21.7081 -0.101219 -0.620012
17 0 car 561 178 66 56 22.2925 0.00119368 -0.486907
18 0 car 560 178 64 56 22.2925 0.00119368 -0.486907
19 0 car 559 178 64 55 22.2925 0.00119368 -0.486908
20 0 car 558 178 63 55 22.2925 0.00119368 -0.486908
21 0 car 559 179 61 54 22.0163 -0.210485 -0.545616
22 0 car 558 179 60 54 22.0163 -0.210485 -0.545616
24 0 car 559 180 60 53 21.7081 -0.101219 -0.620012
25 0 car 559 179 60 54 21.7081 -0.101219 -0.620012
29 0 car 560 176 61 55 21.7081 -0.101219 -0.620012
30 0 car 563 175 61 56 22.0163 -0.210485 -0.545616
31 0 car 567 174 60 56 21.321 -0.320415 -0.441419
32 0 car 569 175 59 54 21.3685 -0.175495 -0.3457
33 0 car 568 177 61 57 21.9971 -0.0455749 -0.417049
34 0 car 571 178 58 55 22.0472 -0.341106 -0.549705
35 0 car 572 179 57 54 22.0472 -0.341106 -0.549705
36 0 car 573 179 58 53 22.0472 -0.341106 -0.549705
38 0 car 574 177 56 53 22.0472 -0.341106 -0.549705
39 0 car 576 178 56 51 22.0472 -0.341106 -0.549705
40 0 car 576 177 56 51 22.0472 -0.341106 -0.549705
41 0 car 577 178 55 50 48.1375 4.01092 -0.382657
49 0 car 578 180 53 50 83.1104 10.0356 0.135417
58 0 car 567 176 54 50 95.283 12.7628 0.232827
59 0 car 567 179 53 50 95.0912 12.5911 0.418485
60 0 car 566 183 53 51 95.0912 12.5911 0.418485
121 0 car 567 178 54 49 185.214 28.0926 1.23629
122 0 car 567 178 54 49 185.201 28.1004 1.17965
161 0 car 600 178 59 55 240.622 38.0544 2.54402
162 0 car 601 178 58 54 237.18 37.3997 2.49489
163 0 car 602 179 57 54 237.18 37.3997 2.49489
164 0 car 602 180 56 54 237.18 37.3997 2.49489
166 0 car 603 181 56 54 240.622 38.0544 2.54402
170 0 car 601 181 58 55 242.68 38.1816 2.53253
171 0 car 601 182 58 55 242.68 38.1816 2.53253
172 0 car 602 182 58 56 242.68 38.1816 2.53253
173 0 car 602 182 58 56 242.68 38.1816 2.53253
175 0 car 602 182 59 56 242.68 38.1816 2.53253
176 0 car 602 181 60 57 242.68 38.1816 2.53253
177 0 car 601 181 61 58 242.68 38.1816 2.53253
178 0 car 601 180 61 58 242.68 38.1816 2.53253
179 0 car 600 179 61 59 242.68 38.1816 2.53253
180 0 car 599 178 61 59 241.889 38.1432 2.54738
181 0 car 599 179 62 59 247.232 38.6837 2.58395
182 0 car 599 179 63 60 247.232 38.6837 2.58395
183 0 car 598 177 63 60 240.622 38.0544 2.54402
184 0 car 598 175 64 60 240.622 38.0544 2.54402
185 0 car 597 174 63 59 240.622 38.0544 2.54402
186 0 car 597 173 62 59 240.622 38.0544 2.54402
187 0 car 597 174 63 59 240.622 38.0544 2.54402
188 0 car 597 174 63 59 240.622 38.0544 2.54402
189 0 car 596 175 63 60 240.622 38.0544 2.54402
191 0 car 596 176 63 60 240.622 38.0544 2.54402
192 0 car 595 177 63 60 240.622 38.0544 2.54402
193 0 car 595 176 64 61 245.228 38.5814 2.74856
194 0 car 595 177 64 61 249.199 39.0452 2.70369
195 0 car 596 178 63 60 245.848 38.6636 2.51063
196 0 car 596 178 64 60 249.776 39.1436 2.64232
197 0 car 596 178 65 61 249.776 39.1436 2.64232
198 0 car 596 179 65 61 249.984 39.2428 2.72323
199 0 car 595 179 65 61 249.984 39.2428 2.72323
200 0 car 595 177 66 62 252.41 39.4592 2.55565
202 0 car 595 178 65 60 273.433 42.4182 3.14445
203 0 car 596 177 65 60 274.707 42.6038 3.13469
204 0 car 596 177 64 59 274.707 42.6038 3.13469
205 0 car 596 178 64 59 274.707 42.6038 3.13469
206 0 car 596 179 64 59 293.939 45.4477 3.68488
207 0 car 596 179 64 59 294.063 44.9224 3.47469
208 0 car 596 179 64 59 293.939 45.4477 3.68488
209 0 car 594 179 65 59 293.939 45.4477 3.68488
210 0 car 593 178 64 59 293.939 45.4477 3.68488
211 0 car 592 178 64 59 293.939 45.4477 3.68488
212 0 car 591 178 64 58 293.564 45.3319 3.70599
213 0 car 589 178 65 59 293.564 45.3319 3.70599
214 0 car 587 178 64 58 293.564 45.3319 3.70599
215 0 car 586 178 63 58 293.564 45.3319 3.70599
216 0 car 585 178 62 58 293.705 44.8525 3.5093
217 0 car 584 178 62 58 293.705 44.8525 3.5093
218 0 car 583 178 61 58 293.705 44.8525 3.5093
219 0 car 582 178 60 58 293.705 44.8525 3.5093
220 0 car 581 178 60 57 294.063 44.9224 3.47469
221 0 car 581 179 58 56 294.063 44.9224 3.47469
224 0 car 581 179 58 56 295.843 45.0304 3.41384
226 0 car 580 179 57 56 294.063 44.9224 3.47469
228 0 car 580 180 57 55 296.881 44.9999 3.38549
229 0 car 580 181 55 54 293.986 44.8294 3.39886
230 0 car 579 180 56 55 293.986 44.8294 3.39886
242 0 car 578 179 55 53 323.107 46.6264 4.43216
243 0 car 578 178 54 51 323.432 46.6331 4.48974
244 0 car 578 177 53 50 323.432 46.6331 4.48974
247 0 car 580 177 54 51 351.069 47.5944 4.92189
248 0 car 580 177 54 51 348.047 47.5138 4.99381
249 0 car 580 177 54 51 351.069 47.5944 4.92189
250 0 car 583 177 56 51 352.594 47.3757 4.99144
251 0 car 584 178 56 50 352.594 47.3757 4.99144
252 0 car 585 178 56 50 352.594 47.3757 4.99144
253 0 car 586 178 55 49 353.346 47.3734 5.06673
254 0 car 587 179 55 49 354.059 47.3928 5.16727
255 0 car 589 180 54 48 354.97 47.3907 5.2043
256 0 car 590 180 54 48 348.924 47.3596 5.06262
265 0 car 590 180 54 48 337.276 47.1037 5.86453
266 0 car 590 180 54 48 334.545 47.0894 5.94364
267 0 car 590 180 54 48 335.139 47.1713 5.95387
269 0 car 598 173 67 62 350.135 46.6851 5.60448
270 0 car 602 175 60 56 353.552 46.9967 5.56718
271 0 car 604 176 57 53 357.414 47.0947 5.35755
272 0 car 606 178 54 50 360.958 46.7548 5.38992
273 0 car 607 179 52 48 361.882 46.7841 5.37861
274 0 car 607 179 52 48 367.167 46.0031 5.52094
275 0 car 607 179 52 48 369.122 45.3508 5.69105
276 0 car 609 177 52 48 366.344 46.1564 5.44457
282 0 car 612 176 53 49 419.119 40.9033 5.72322
283 0 car 614 176 52 48 423.343 40.3225 6.01384
284 0 car 615 177 52 48 423.343 40.3225 6.01384
285 0 car 615 177 52 48 421.931 43.306 5.58204
286 0 car 616 177 52 48 417.939 43.6144 5.77587
287 0 car 618 178 51 47 417.939 43.6144 5.77587
288 0 car 619 177 51 47 428.287 39.2935 5.94461
289 0 car 620 176 51 48 428.287 39.2935 5.94461
290 0 car 620 177 50 47 428.287 39.2935 5.94461
