4 0 car 591 181 72 58 23.0969 -0.213823 -0.85439
5 0 car 588 183 72 57 23.0969 -0.213823 -0.85439
6 0 car 589 183 69 57 22.0525 -0.723399 -0.670176
7 0 car 583 184 72 57 22.9831 -0.305288 -0.875561
8 0 car 584 184 70 57 22.0525 -0.723399 -0.670176
9 0 car 582 183 68 58 12.0527 -0.200705 -0.237897
10 0 car 579 183 69 56 15.792 -0.322132 -0.417488
11 0 car 576 183 68 55 15.2417 -0.240514 -0.356598
12 0 car 573 183 69 55 15.2417 -0.240514 -0.356598
13 0 car 571 182 67 53 22.4512 -0.487612 -0.701142
14 0 car 567 180 68 56 22.4512 -0.487612 -0.701142
15 0 car 566 180 67 57 21.6733 -0.109568 -0.60868
16 0 car 563 178 67 58 21.6733 -0.109568 -0.60868
17 0 car 563 177 63 56 22.335 -0.093844 -0.471716
18 0 car 561 178 65 55 22.2728 -0.00605752 -0.475567
19 0 car 559 177 62 57 22.2728 -0.00605749 -0.475567
20 0 car 559 177 61 56 22.2728 -0.0060575 -0.475567
21 0 car 560 180 60 54 22.087 -0.640643 -0.600659
22 0 car 559 179 61 54 21.6733 -0.109568 -0.60868
24 0 car 560 180 60 54 20.5615 -0.314644 -0.396232
25 0 car 561 179 59 55 21.6733 -0.109568 -0.60868
29 0 car 565 173 61 54 21.9111 0.0175282 -0.386264
30 0 car 566 175 59 55 21.5758 -0.19221 -0.433907
32 0 car 569 176 57 54 21.5758 -0.19221 -0.433907
33 0 car 568 178 58 52 21.9828 -0.218744 -0.534373
34 0 car 571 179 57 52 21.5758 -0.19221 -0.433907
35 0 car 570 177 58 54 21.4691 -0.318886 -0.434439
36 0 car 572 179 65 50 21.3913 -0.0505364 -0.306299
37 0 car 573 177 58 55 21.5758 -0.19221 -0.433907
38 0 car 574 176 56 53 21.5758 -0.19221 -0.433907
39 0 car 575 178 56 50 21.5758 -0.19221 -0.433907
40 0 car 567 170 74 66 21.3279 -0.191455 -0.329984
41 0 car 577 177 58 52 49.6527 4.45619 -0.338719
44 0 car 577 179 54 50 78.6231 9.72867 -0.2962
46 0 car 576 181 54 48 78.6231 9.72867 -0.2962
50 0 car 577 181 54 51 88.1014 10.754 0.231498
58 0 car 568 179 53 50 96.4517 12.7739 0.521318
59 0 car 567 181 52 51 96.4517 12.7739 0.521318
60 0 car 568 182 51 52 96.4517 12.7739 0.521318
96 0 car 566 179 50 44 149.687 22.7092 0.807051
102 0 car 562 180 51 45 159.595 23.693 0.944983
104 0 car 561 178 50 46 159.595 23.693 0.944983
118 0 car 566 171 61 57 180.91 27.0245 1.97351
119 0 car 566 179 54 50 183.068 28.1742 1.94291
120 0 car 566 179 54 50 183.068 28.1742 1.94291
121 0 car 566 179 54 50 183.196 27.9748 1.69756
161 0 car 598 178 58 55 240.59 37.8379 2.94142
162 0 car 601 178 57 54 240.743 37.7987 2.92895
163 0 car 601 179 56 54 237.378 37.1618 2.8808
166 0 car 602 181 56 54 240.743 37.7987 2.92895
170 0 car 600 181 58 54 240.743 37.7987 2.92895
171 0 car 601 181 58 56 242.777 37.9254 2.92478
172 0 car 601 181 58 57 242.777 37.9254 2.92478
173 0 car 602 183 57 55 240.743 37.7987 2.92895
175 0 car 601 182 60 57 241.624 37.8359 2.91641
177 0 car 600 181 62 57 242.777 37.9254 2.92478
178 0 car 599 179 62 59 242.777 37.9254 2.92478
179 0 car 599 179 62 59 242.777 37.9254 2.92478
180 0 car 599 179 62 58 242.099 37.9009 2.9369
181 0 car 599 179 62 60 244.799 38.1767 2.95266
182 0 car 599 177 62 62 240.743 37.7987 2.92895
183 0 car 598 177 62 59 240.743 37.7987 2.92895
184 0 car 598 174 65 59 240.743 37.7987 2.92895
185 0 car 596 172 64 61 240.966 37.7896 3.01242
186 0 car 596 174 62 58 240.743 37.7987 2.92895
187 0 car 595 173 65 60 240.743 37.7987 2.92895
188 0 car 595 175 64 59 240.743 37.7987 2.92895
189 0 car 596 175 63 61 240.743 37.7987 2.92895
191 0 car 596 177 63 59 240.743 37.7987 2.92895
192 0 car 595 177 64 60 240.743 37.7987 2.92895
193 0 car 596 177 64 61 248.891 38.7341 3.08752
194 0 car 595 178 64 60 245.75 38.3801 2.89839
195 0 car 596 178 63 60 245.75 38.3801 2.89839
196 0 car 596 178 64 61 246.02 38.4729 3.00316
197 0 car 596 178 65 60 249.371 38.8752 3.11145
198 0 car 596 178 65 60 246.02 38.4729 3.00316
199 0 car 595 177 66 62 245.766 38.4091 3.06653
202 0 car 596 178 64 59 272.708 41.9685 3.4866
203 0 car 596 178 64 59 273.947 42.146 3.47505
204 0 car 596 177 64 60 273.947 42.146 3.47505
205 0 car 596 179 64 58 273.947 42.146 3.47505
206 0 car 596 179 64 59 293.543 44.9319 3.9612
207 0 car 596 179 64 59 293.543 44.9319 3.9612
208 0 car 596 178 64 60 293.543 44.9319 3.9612
209 0 car 593 179 66 59 293.619 44.9951 3.92668
210 0 car 593 178 64 58 293.543 44.9319 3.9612
211 0 car 591 178 65 58 293.543 44.9319 3.9612
212 0 car 591 178 62 59 293.543 44.9319 3.9612
213 0 car 588 178 64 58 293.543 44.9319 3.9612
214 0 car 588 178 62 58 293.543 44.9319 3.9612
215 0 car 586 178 61 58 293.448 44.8782 3.89759
216 0 car 586 178 61 58 293.543 44.9319 3.9612
217 0 car 584 178 63 58 293.543 44.9319 3.9612
218 0 car 585 177 59 59 293.448 44.8782 3.89759
219 0 car 582 179 61 56 294.086 44.3062 3.67942
220 0 car 582 178 59 57 294.086 44.3062 3.67942
221 0 car 581 178 58 56 294.086 44.3062 3.67942
222 0 car 581 178 58 57 295.845 44.4327 3.63234
223 0 car 581 179 58 56 295.845 44.4327 3.63234
224 0 car 581 179 58 57 294.086 44.3062 3.67942
226 0 car 581 179 57 56 294.044 44.2048 3.59763
228 0 car 579 181 57 55 296.797 45.0792 3.91693
241 0 car 577 176 56 52 325.884 46.1597 4.75036
242 0 car 578 179 55 50 324.549 46.2149 4.75445
243 0 car 578 179 54 49 324.57 46.2165 4.82136
244 0 car 578 178 54 50 324.57 46.2165 4.82136
247 0 car 579 179 54 47 351.244 47.1783 5.2606
248 0 car 579 179 54 47 348.731 47.1263 5.32091
249 0 car 579 179 54 47 337.515 46.6814 5.55134
250 0 car 580 171 67 60 352.691 47.0041 5.34422
251 0 car 581 177 59 49 347.783 46.8226 5.35563
252 0 car 584 177 57 50 351.293 46.8764 5.2493
253 0 car 585 179 55 49 350.341 47.0205 5.26915
254 0 car 586 179 54 48 348.196 46.972 5.47058
255 0 car 589 180 53 49 351.052 46.9945 5.39107
256 0 car 589 180 53 49 348.201 46.9742 5.38944
266 0 car 589 180 53 49 333.177 46.9205 6.16736
267 0 car 589 180 53 49 335.491 47.049 6.14493
272 0 car 596 176 65 54 363.869 46.3285 5.80089
273 0 car 606 178 57 51 370.09 45.8863 5.74762
274 0 car 607 179 53 48 369.877 45.9224 5.72609
275 0 car 606 178 54 49 372.938 45.1571 6.0395
276 0 car 608 177 53 48 367.472 46.1244 5.82141
283 0 car 614 177 53 47 428.804 41.1012 6.70396
284 0 car 614 177 52 47 428.804 41.1012 6.70396
285 0 car 615 177 53 47 427.362 44.0909 6.26315
286 0 car 616 176 53 49 423.446 44.4145 6.45587
287 0 car 617 178 52 45 423.446 44.4145 6.45587
288 0 car 619 177 51 47 433.653 40.1069 6.61776
289 0 car 620 176 51 48 433.653 40.1069 6.61776
290 0 car 620 177 50 46 433.653 40.1069 6.61776
