1 1 person 775 166 97 191 5.76009 -1.69362 -0.739708
2 1 person 780 166 88 169 5.76009 -1.69362 -0.739708
3 1 person 786 160 77 171 5.82585 -1.67139 -0.753491
4 1 person 794 161 80 163 5.76009 -1.69362 -0.739708
5 1 person 798 158 68 174 2.68042 -0.73728 -0.256523
6 1 person 804 163 72 161 7.48259 -1.34971 -0.63378
7 1 person 806 161 67 180 7.50583 -1.30844 -0.555154
8 1 person 791 165 98 175 7.4646 -1.36238 -0.621357
9 1 person 796 168 90 178 7.47352 -1.37045 -0.545163
10 1 person 802 165 74 198 6.30585 -0.991083 -0.396624
11 1 person 807 167 62 190 9.42379 -0.752127 -0.896016
13 1 person 790 165 98 172 9.39558 -0.82249 -0.887517
14 1 person 792 165 89 166 6.6398 -0.118925 -0.529063
15 1 person 792 169 85 161 4.49026 0.110295 -0.242554
16 1 person 781 168 79 158 4.67917 0.105146 -0.227694
17 1 person 781 174 75 154 4.49026 0.110296 -0.242554
18 1 person 773 180 68 155 5.43735 -0.0742229 -0.349833
19 1 person 769 194 72 141 12.4554 0.554626 -0.8422
20 1 person 757 193 72 157 12.4554 0.554626 -0.8422
21 1 person 757 189 69 154 11.2421 0.665698 -0.564061
22 1 person 746 183 68 161 10.5302 0.712143 -0.527685
23 1 person 739 184 62 152 11.2293 0.642196 -0.588899
24 1 person 731 178 59 159 11.062 0.667043 -0.859232
25 1 person 733 188 53 141 12.4402 0.533686 -0.932565
