1 1 person 775 166 97 191 5.76009 -1.69362 -0.739708
2 1 person 780 166 88 169 5.76009 -1.69362 -0.739708
3 1 person 786 160 77 171 5.82585 -1.67139 -0.753491
4 1 person 794 161 80 163 5.76009 -1.69362 -0.739708
5 1 person 798 158 68 174 2.68067 -0.737398 -0.256486
6 1 person 804 163 72 161 2.19729 -0.602089 -0.167742
7 1 person 806 161 67 180 7.93316 -1.19436 -0.772165
8 1 person 791 165 98 175 7.95641 -1.26629 -0.71762
9 1 person 796 168 90 178 7.99544 -1.01174 -0.646926
10 1 person 802 165 74 198 7.93656 -0.987366 -0.727416
11 1 person 807 167 62 190 5.71494 0.279645 -0.552291
13 1 person 790 165 98 172 9.78901 -0.692708 -0.797843
14 1 person 792 165 89 166 9.76946 -0.671777 -0.824743
15 1 person 792 169 85 161 4.56385 0.254283 -0.175546
16 1 person 781 168 79 158 4.33536 0.307717 -0.151934
17 1 person 781 174 75 154 4.56385 0.254283 -0.175546
18 1 person 773 180 68 155 3.76788 0.435025 -0.0442518
19 1 person 769 194 72 141 4.07814 0.348345 -0.10456
20 1 person 757 193 72 157 13.0552 0.719844 -0.797982
21 1 person 757 189 69 154 13.0552 0.719844 -0.797982
22 1 person 746 183 68 161 13.0552 0.719844 -0.797982
23 1 person 739 184 62 152 7.56022 0.91136 -0.137204
24 1 person 731 178 59 159 7.32872 0.921901 -0.128657
25 1 person 733 188 53 141 9.64529 0.798564 -0.454968
26 1 person 717 175 53 148 13.8777 1.85475 -0.336648
27 1 person 703 181 63 122 9.53215 1.06556 -0.403806
28 1 person 693 168 62 139 13.8235 1.84484 -0.415895
29 1 person 679 171 55 134 14.5346 2.08423 -0.373618
30 1 person 670 171 55 138 9.14696 1.08893 -0.416527
31 1 person 660 172 57 137 8.82099 1.05557 -0.389871
32 1 person 648 179 62 133 11.2011 1.40341 -0.386508
33 1 person 639 179 60 134 8.77671 0.989738 -0.389501
34 1 person 627 169 51 146 17.5103 4.8695 -1.4263
35 1 person 626 168 51 140 17.5676 4.82531 -1.32777
36 1 person 615 165 52 143 13.9896 3.67458 -0.861403
37 1 person 608 163 51 148 13.3528 3.46788 -0.774148
38 1 person 602 168 47 140 12.8955 3.32173 -0.704439
39 1 person 598 168 50 140 12.2452 3.12429 -0.578006
40 1 person 595 167 45 151 12.3983 3.19157 -0.625947
41 1 person 590 167 42 141 12.8815 3.45086 -0.651861
42 1 person 589 174 44 135 12.7584 3.49038 -0.560537
43 1 person 590 172 44 144 13.5 3.82347 -0.6662
44 1 person 596 173 42 141 20.1564 8.51811 -1.21161
45 1 person 595 176 45 133 20.1721 8.35627 -1.2844
46 1 person 602 171 43 140 18.9552 8.17029 -0.708273
47 1 person 606 177 46 126 19.7746 9.18688 -0.67906
48 1 person 610 176 50 134 17.4187 7.37886 -0.626671
49 1 person 619 172 48 147 17.903 7.6233 -0.681332
50 1 person 627 172 49 140 18.0234 7.74618 -0.747928
51 1 person 635 168 49 150 18.8911 8.47757 -0.731452
52 1 person 643 175 51 132 18.2918 8.02527 -0.725218
53 1 person 657 168 38 152 22.7831 11.6996 -1.18881
