1 0 car 294 148 154 130 11.7094 3.77919 -0.875602
2 0 car 295 153 150 121 11.7094 3.77919 -0.875602
3 0 car 291 142 150 118 11.7094 3.77919 -0.875602
4 0 car 291 144 149 122 10.2245 3.42068 -0.621277
5 0 car 291 150 147 117 10.2843 3.50062 -0.616536
6 0 car 287 153 149 111 14.7774 5.68548 -0.93001
7 0 car 286 154 149 111 14.7774 5.68548 -0.93001
8 0 car 287 156 142 111 13.8921 5.12228 -0.914788
9 0 car 285 155 144 109 12.4449 4.71836 -0.611361
10 0 car 282 155 144 112 11.9695 4.5811 -0.593508
11 0 car 280 157 143 110 16.0408 6.8808 -0.959664
12 0 car 281 156 139 112 16.0408 6.8808 -0.959664
13 0 car 276 156 141 107 16.0408 6.8808 -0.959664
14 0 car 277 156 142 107 15.8901 6.901 -0.940575
15 0 car 276 158 138 105 15.3351 6.78502 -0.865975
16 0 car 277 146 139 106 13.775 6.00406 -0.666274
17 0 car 275 153 137 104 14.3803 6.44788 -0.655267
18 0 car 276 158 136 104 14.3803 6.44788 -0.655267
19 0 car 278 162 133 106 18.8146 9.43963 -0.942741
20 0 car 280 169 129 103 18.6736 9.61555 -0.973403
21 0 car 284 175 127 98 18.6736 9.61555 -0.973403
22 0 car 289 173 121 97 18.6736 9.61555 -0.973403
23 0 car 294 171 117 97 17.0144 8.54123 -0.881926
24 0 car 297 172 113 94 16.6886 8.39116 -0.844589
25 0 car 304 171 107 94 16.6886 8.39116 -0.844589
26 0 car 310 160 103 97 16.728 8.44549 -0.826754
27 0 car 318 157 98 94 16.728 8.44549 -0.826754
28 0 car 326 157 91 96 16.5624 8.29196 -0.808658
29 0 car 330 162 93 89 21.981 12.0487 -0.99287
30 0 car 336 162 89 93 21.981 12.0487 -0.99287
31 0 car 341 159 89 92 21.981 12.0487 -0.99287
32 0 car 349 157 88 94 21.981 12.0487 -0.99287
33 0 car 359 159 89 92 21.981 12.0487 -0.99287
34 0 car 364 158 97 88 21.925 12.0554 -0.940411
35 0 car 372 161 101 84 21.981 12.0487 -0.99287
36 0 car 382 158 104 85 21.981 12.0487 -0.99287
118 0 car 6 202 127 131 41.4835 17.7513 -0.147566
119 0 car 4 237 94 112 53.3289 20.1767 -1.55015
123 0 car 744 192 116 73 58.7644 6.91335 -0.820458
124 0 car 732 193 128 77 58.7088 7.02264 -0.875667
125 0 car 727 191 124 84 58.261 7.78771 -0.714178
126 0 car 715 190 134 88 58.261 7.78771 -0.714178
127 0 car 714 189 131 93 58.3239 7.83694 -0.930173
128 0 car 706 188 138 97 58.261 7.78771 -0.714178
129 0 car 709 187 134 104 58.4825 7.566 -0.813276
130 0 car 711 187 137 110 58.4825 7.566 -0.813276
131 0 car 716 188 139 116 58.4495 7.51135 -0.74626
132 0 car 718 187 152 126 58.4825 7.566 -0.813276
133 0 car 725 191 166 129 58.6004 7.66524 -0.904887
134 0 car 740 189 176 137 58.6004 7.66524 -0.904887
135 0 car 763 193 188 146 58.54 7.66712 -1.06848
136 0 car 668 178 108 108 62.538 6.40355 -0.969742
139 0 car 561 175 107 66 70.044 5.52212 -1.05045
142 0 car 1069 139 167 235 60.3052 5.53378 -0.286349
146 0 car 792 187 440 187 63.1244 6.91956 -0.783792
147 0 car 817 193 416 181 63.0996 7.03726 -0.82296
148 0 car 851 204 377 167 63.3791 7.00839 -0.838739
149 0 car 896 202 342 172 63.3874 7.0791 -0.940781
150 0 car 720 173 204 138 69.3318 5.41449 -0.988952
151 0 car 718 174 233 160 69.2014 5.51704 -0.893473
