1 0 car 294 148 154 130 11.7094 3.77919 -0.875602
2 0 car 295 153 150 121 11.7094 3.77919 -0.875602
3 0 car 291 142 150 118 11.7094 3.77919 -0.875602
4 0 car 291 144 149 122 10.3991 3.47629 -0.627257
5 0 car 291 150 147 117 10.3358 3.52907 -0.634582
6 0 car 287 153 149 111 11.452 3.94449 -0.777078
7 0 car 286 154 149 111 14.3791 5.53283 -0.968358
8 0 car 287 156 142 111 14.3791 5.53283 -0.968358
9 0 car 285 155 144 109 14.3791 5.53283 -0.968358
10 0 car 282 155 144 112 12.7319 4.93536 -0.777525
11 0 car 280 157 143 110 12.0626 4.69418 -0.685057
12 0 car 281 156 139 112 16.6778 7.58218 -1.01011
13 0 car 276 156 141 107 16.6778 7.58218 -1.01011
14 0 car 277 156 142 107 16.6126 7.46913 -1.02299
15 0 car 276 158 138 105 16.6778 7.58218 -1.01011
16 0 car 277 146 139 106 15.0271 6.64843 -0.654994
17 0 car 275 153 137 104 14.202 6.33076 -0.66585
18 0 car 276 158 136 104 14.2848 6.44254 -0.653752
19 0 car 278 162 133 106 14.2848 6.44254 -0.653752
20 0 car 280 169 129 103 19.1773 9.86582 -0.959176
21 0 car 284 175 127 98 19.1773 9.86582 -0.959176
22 0 car 289 173 121 97 18.7882 9.57212 -0.869109
23 0 car 294 171 117 97 18.7882 9.57212 -0.869109
24 0 car 297 172 113 94 17.2343 8.52379 -0.830324
25 0 car 304 171 107 94 17.0818 8.43675 -0.787584
26 0 car 310 160 103 97 17.0818 8.43675 -0.787584
27 0 car 318 157 98 94 17.4219 8.78579 -0.800435
28 0 car 326 157 91 96 17.4219 8.78579 -0.800435
29 0 car 330 162 93 89 18.6187 9.75792 -0.877686
30 0 car 336 162 89 93 18.7407 10.047 -0.834869
31 0 car 341 159 89 92 18.7407 10.047 -0.834869
32 0 car 349 157 88 94 19.0728 10.3364 -0.807954
33 0 car 359 159 89 92 18.5552 9.85699 -0.83753
34 0 car 364 158 97 88 22.6348 12.9371 -1.12466
35 0 car 372 161 101 84 22.9014 13.0653 -1.21454
36 0 car 382 158 104 85 22.9014 13.0653 -1.21454
