7 1 car 553 180 98 32 -0.0214991 -0.000302952 0.0031361
9 1 car 563 178 112 36 -0.0484425 -0.00248586 0.00386711
10 1 car 569 176 123 39 -0.0492105 -0.00367199 0.00417141
11 1 car 586 179 110 35 -0.0368102 -0.00148961 0.00342714
12 1 car 597 178 110 36 -0.0349876 2.83566e-05 0.00309908
15 1 car 630 178 105 37 -0.045575 -0.00572819 0.00444218
16 1 car 642 177 102 38 -0.045575 -0.00572819 0.00444218
17 1 car 651 177 99 38 -0.0376828 -0.00445096 0.00395435
18 1 car 659 177 94 38 -0.0485184 -0.00648006 0.00475016
19 1 car 668 177 89 38 -0.0485184 -0.00648006 0.00475016
