0 0 Cyclist 554.486073 166.426608 111.47065899999996 105.37731100000002 -0.055791 1.631794 12.341193
1 0 Cyclist 572.458213 166.216600 111.55231300000003 104.85016800000002 0.254126 1.627707 12.400730
2 0 Cyclist 590.261640 166.008629 111.62732699999992 104.328272 0.564043 1.623621 12.460268
3 0 Cyclist 607.898715 165.802666 111.69588199999998 103.81154400000003 0.873960 1.619534 12.519806
4 0 Cyclist 626.591171 165.090679 111.454927 103.14085100000003 1.201423 1.607059 12.583952
5 0 Cyclist 645.074618 165.414123 111.27918399999999 102.495779 1.529073 1.612322 12.647913
6 0 Cyclist 662.630535 165.108283 111.52755200000001 102.058142 1.847110 1.606496 12.700123
7 0 Cyclist 680.051076 165.293408 111.76915100000008 101.63072599999998 2.165236 1.609151 12.752245
8 0 Cyclist 697.330248 165.264380 112.00269200000002 101.204057 2.483323 1.608098 12.804405
9 0 Cyclist 715.154707 165.036724 112.22008699999992 100.75177400000001 2.815115 1.603428 12.862387
10 0 Cyclist 732.833707 164.811301 112.40601700000002 100.30309100000002 3.146907 1.598759 12.920370
11 0 Cyclist 750.369047 164.588076 112.561239 99.85797000000002 3.478699 1.594090 12.978352
12 0 Cyclist 767.762504 164.367019 112.68649299999993 99.41636500000001 3.810491 1.589420 13.036334
13 0 Cyclist 785.015812 164.148098 112.78249900000003 98.97823799999998 4.142282 1.584751 13.094316
14 0 Cyclist 802.130687 163.931284 112.84996100000001 98.54354599999999 4.474074 1.580082 13.152299
15 0 Cyclist 819.108816 163.716545 112.88956199999996 98.11225000000002 4.805866 1.575412 13.210281
16 0 Cyclist 836.361085 163.419218 112.92174999999997 97.61733600000002 5.147697 1.569196 13.274888
17 0 Cyclist 853.450238 163.124833 112.945784 97.12734100000003 5.489528 1.562980 13.339494
18 0 Cyclist 870.378579 162.833346 112.96189400000003 96.64219099999997 5.831359 1.556763 13.404101
19 0 Cyclist 887.148364 162.544715 112.97030399999994 96.16181599999999 6.173190 1.550547 13.468708
20 0 Cyclist 903.761811 162.258899 112.97123199999999 95.68614399999998 6.515021 1.544331 13.533314
21 0 Cyclist 920.476167 161.984680 112.91946200000007 95.25139299999998 6.859665 1.538268 13.594402
22 0 Cyclist 937.051684 161.713086 112.84667300000001 94.82020600000001 7.204309 1.532205 13.655490
23 0 Cyclist 953.490099 161.444082 112.75339999999994 94.392537 7.548953 1.526142 13.716577
24 0 Cyclist 969.793125 161.177629 112.64016400000003 93.968346 7.893596 1.520080 13.777665
25 0 Cyclist 985.962435 160.913692 112.5074699999999 93.54759000000001 8.238240 1.514017 13.838752
26 0 Cyclist 1001.999693 160.652236 112.35581500000012 93.13022700000002 8.582884 1.507954 13.899840
27 0 Cyclist 1018.762191 160.872194 112.83120800000006 92.71033 8.946484 1.511435 13.956638
28 0 Cyclist 1035.373946 161.090737 113.33362000000011 92.293498 9.310084 1.514916 14.013435
29 0 Cyclist 1051.837153 161.307880 113.86201100000017 91.879697 9.673685 1.518396 14.070233
30 0 Cyclist 1068.153965 161.523636 114.41536100000008 91.468899 10.037285 1.521877 14.127031
31 0 Cyclist 1084.326505 161.738021 114.9926660000001 91.06107 10.400885 1.525358 14.183829
32 0 Cyclist 1098.460250 161.416403 115.34718199999998 90.821402 10.708396 1.518645 14.218436
33 0 Cyclist 1112.522196 161.096265 115.70661500000006 90.58322600000002 11.015907 1.511932 14.253044
34 0 Cyclist 1132.402338 160.759602 108.5976619999999 90.23817500000001 11.448146 1.503660 14.295767
35 0 Cyclist 1152.159892 160.561090 88.8401080000001 89.759355 11.880384 1.495388 14.338490
36 0 Cyclist 1165.130867 160.373448 75.86913299999992 89.40462200000002 12.170334 1.488702 14.372279
37 0 Cyclist 1178.038180 160.187734 62.96181999999999 89.050738 12.460284 1.482015 14.406068
38 0 Cyclist 1197.037533 160.736569 43.96246700000006 88.71377999999999 12.866410 1.488672 14.429913
39 0 Cyclist 1215.975389 161.348245 25.02461100000005 87.80502000000001 13.272537 1.495329 14.453757
40 0 Cyclist 1234.852047 162.247194 6.147952999999916 85.17490899999999 13.678663 1.501987 14.477602
0 1 Car 459.621030 180.293358 107.21354099999996 36.742035999999985 -4.116644 1.826652 30.902068
1 1 Car 473.380554 180.027445 104.98753900000003 36.782049 -3.575880 1.816356 30.960071
2 1 Car 487.284054 179.760494 104.01040899999992 36.81920200000002 -3.035117 1.806061 31.018075
3 1 Car 499.884500 179.736553 103.56709999999998 36.80487500000001 -2.555442 1.806123 31.106616
4 1 Car 512.092125 179.713812 103.290074 36.786344000000014 -2.075768 1.806184 31.195157
5 1 Car 522.484161 179.692260 104.603926 36.76348999999999 -1.596093 1.806246 31.283699
6 1 Car 533.488479 179.601333 105.35965599999997 36.62123699999998 -1.101483 1.804189 31.469332
7 1 Car 544.528341 179.513115 105.76697999999999 36.47397799999999 -0.606873 1.802133 31.654966
8 1 Car 555.605131 179.427541 105.83187199999998 36.32171600000001 -0.112264 1.800077 31.840600
9 1 Car 566.840486 179.401064 105.30181299999992 36.075322 0.383473 1.801249 32.106772
10 1 Car 578.071951 179.376335 104.42193899999995 35.825884 0.879210 1.802421 32.372945
11 1 Car 589.299959 179.353287 103.20420200000001 35.57344600000002 1.374947 1.803594 32.639117
12 1 Car 600.524416 179.331855 101.66100900000004 35.31806500000002 1.870684 1.804766 32.905289
13 1 Car 611.447614 179.458901 99.326235 34.93489700000001 2.351411 1.813879 33.296837
14 1 Car 622.318481 179.583461 96.66600499999993 34.55338800000001 2.832137 1.822993 33.688385
15 1 Car 633.136076 179.705637 93.70061899999996 34.173456000000016 3.312864 1.832106 34.079933
16 1 Car 643.898799 179.825524 90.45041299999991 33.79505 3.793590 1.841220 34.471481
17 1 Car 653.747911 179.601409 86.76649199999997 33.24733800000001 4.245003 1.834741 35.000220
18 1 Car 663.457413 179.386084 82.91564600000004 32.707955 4.696416 1.828262 35.528959
19 1 Car 673.028532 179.179042 78.91591299999993 32.17695699999999 5.147829 1.821783 36.057698
20 1 Car 682.462010 178.979803 74.78476799999999 31.654402000000005 5.599241 1.815304 36.586436
21 1 Car 689.542244 179.369772 70.80243300000006 31.096531999999996 5.961699 1.840886 37.231834
22 1 Car 696.469739 179.745849 66.80096100000003 30.55487500000001 6.324157 1.866469 37.877231
23 1 Car 703.248164 180.108833 62.78874300000007 30.028570000000002 6.686615 1.892052 38.522629
24 1 Car 709.880810 180.459470 58.77376400000003 29.516818 7.049073 1.917635 39.168026
25 1 Car 716.650923 180.155425 53.53316999999993 28.904776 7.401595 1.906551 39.860134
26 1 Car 723.316789 179.863945 48.253589000000034 28.306667000000004 7.754118 1.895466 40.552241
27 1 Car 726.447347 180.245282 47.16328599999997 27.793452000000002 8.046293 1.925568 41.312809
28 1 Car 729.460167 180.613357 46.119739000000095 27.298545999999988 8.338468 1.955670 42.073378
29 1 Car 732.991276 180.481700 41.806059000000005 26.711664000000013 8.574854 1.955208 42.867170
30 1 Car 736.456245 180.355754 37.542237 26.143191 8.811240 1.954746 43.660961
31 1 Car 738.549170 181.008799 36.17211899999995 25.699705999999992 9.059446 2.004871 44.467398
32 1 Car 740.566989 181.639164 34.850821999999994 25.272010999999992 9.307651 2.054997 45.273835
33 1 Car 742.249678 181.649587 33.74346300000002 24.779446000000007 9.557198 2.066166 46.141723
34 1 Car 743.868849 181.659645 32.67854299999999 24.305565 9.806746 2.077334 47.009612
35 1 Car 745.428048 181.669357 31.653636000000006 23.849323999999996 10.056293 2.088503 47.877500
36 1 Car 746.930563 181.678740 30.66649700000005 23.409755999999987 10.305840 2.099672 48.745389
37 1 Car 748.379447 181.687812 29.71504600000003 22.985962 10.555388 2.110841 49.613277
38 1 Car 748.950429 182.161915 28.811049000000025 22.564510000000013 10.769831 2.157135 50.585711
39 1 Car 749.499650 182.618645 27.94066600000008 22.158354000000003 10.984275 2.203430 51.558146
40 1 Car 750.028347 183.058942 27.102023999999915 21.766673999999995 11.198718 2.249725 52.530580
41 1 Car 750.537666 183.483678 26.29338400000006 21.388706000000013 11.413161 2.296020 53.503014
42 1 Car 751.028668 183.893666 25.625899000000004 21.023739000000006 11.627605 2.342315 54.475449
43 1 Car 751.048427 183.667165 25.144841000000042 20.61469299999999 11.818049 2.339590 55.478163
44 1 Car 751.067624 183.448482 24.681288999999992 20.221059999999994 12.008492 2.336866 56.480878
45 1 Car 751.086287 183.237218 24.23428899999999 19.84198699999999 12.198936 2.334141 57.483593
46 1 Car 751.104445 183.033003 23.80295299999989 19.476684000000006 12.389380 2.331416 58.486307
47 1 Car 751.122121 182.835488 23.38645800000006 19.124415 12.579824 2.328692 59.489022
48 1 Car 750.632491 183.076190 22.956943000000024 18.793901000000005 12.748325 2.364228 60.550900
49 1 Car 750.160277 183.308848 22.542920000000095 18.474626 12.916827 2.399765 61.612779
50 1 Car 749.704566 183.533859 22.143562999999972 18.166025999999988 13.085328 2.435301 62.674658
51 1 Car 749.264506 183.751595 21.758110999999985 17.867571999999996 13.253830 2.470838 63.736537
52 1 Car 748.839307 183.962401 21.385846000000015 17.578775000000007 13.422331 2.506374 64.798416
53 1 Car 748.672629 184.115959 21.01383599999997 17.284395999999987 13.606129 2.537755 65.904914
54 1 Car 748.512066 184.264561 20.653674000000024 16.999687000000023 13.789927 2.569136 67.011413
55 1 Car 748.232947 184.408445 20.429118000000017 16.724174000000005 13.973725 2.600517 68.117912
56 1 Car 747.789888 184.547833 20.384697999999958 16.45741799999999 14.157523 2.631898 69.224410
57 1 Car 747.360727 184.682934 20.34177999999997 16.199005 14.341321 2.663279 70.330909
58 1 Car 746.858523 184.720648 19.966723 15.929299999999984 14.512863 2.686249 71.497794
59 1 Car 746.371953 184.757183 19.60511900000006 15.668431999999996 14.684404 2.709220 72.664679
60 1 Car 745.900300 184.792594 19.256259999999997 15.415971999999982 14.855946 2.732191 73.831564
61 1 Car 745.442888 184.826931 18.91949299999999 15.171523000000008 15.027488 2.755161 74.998449
62 1 Car 744.999080 184.860242 18.594204999999988 14.934707000000003 15.199030 2.778132 76.165334
63 1 Car 744.689919 184.884911 18.28722099999993 14.704125000000005 15.384657 2.800315 77.335529
64 1 Car 744.389712 184.908863 17.99019899999996 14.480557000000005 15.570285 2.822498 78.505723
65 1 Car 744.098076 184.932129 17.702666000000022 14.263686000000007 15.755912 2.844682 79.675918
13 2 Pedestrian 596.536234 180.211888 16.413016999999968 31.105141000000003 -0.304880 2.029174 38.290207
14 2 Pedestrian 595.740783 180.238460 13.666667000000075 31.102012000000002 -0.446579 2.030635 38.294373
15 2 Pedestrian 594.130659 180.265026 12.509530999999924 31.098883999999998 -0.588279 2.032095 38.298539
16 2 Pedestrian 592.405272 180.291587 11.333334000000036 31.095755999999994 -0.729978 2.033555 38.302705
17 2 Pedestrian 589.450636 180.318142 11.007874000000015 31.092629000000017 -0.871678 2.035016 38.306871
18 2 Pedestrian 586.405415 180.344691 10.666666000000077 31.08950299999998 -1.013377 2.036476 38.311037
19 2 Pedestrian 583.437757 180.371234 11.007384000000002 31.086377000000027 -1.155077 2.037936 38.315204
20 2 Pedestrian 580.407877 180.397772 11.333333000000039 31.083251999999987 -1.296776 2.039397 38.319370
21 2 Pedestrian 578.093876 180.424304 10.67448300000001 31.080127000000005 -1.438476 2.040857 38.323536
22 2 Pedestrian 575.745988 180.450830 10.0 31.07700299999999 -1.580175 2.042317 38.327702
23 2 Pedestrian 572.419912 180.477351 11.340205000000083 31.073879000000005 -1.721874 2.043778 38.331868
24 2 Pedestrian 569.086415 180.503866 12.666666999999961 31.070756000000017 -1.863574 2.045238 38.336034
25 2 Pedestrian 566.746901 180.530375 12.175340000000006 31.067633999999998 -2.005273 2.046698 38.340200
26 2 Pedestrian 564.780167 180.531374 11.666666999999961 31.064521000000013 -2.128296 2.046793 38.344037
27 2 Pedestrian 562.781879 180.532373 10.840209999999956 31.061408 -2.251319 2.046887 38.347874
28 2 Pedestrian 560.826894 180.533372 10.0 31.058294999999987 -2.374342 2.046981 38.351712
29 2 Pedestrian 557.484788 180.534371 10.672543000000019 31.055183 -2.497365 2.047075 38.355549
30 2 Pedestrian 553.869053 180.539238 11.333333000000039 31.051537999999994 -2.638503 2.047384 38.360090
31 2 Pedestrian 551.506367 180.544103 11.340927000000079 31.047894999999983 -2.779641 2.047692 38.364631
32 2 Pedestrian 549.240470 180.548967 11.333334000000036 31.044252999999998 -2.920778 2.048001 38.369172
33 2 Pedestrian 545.939953 180.558921 12.008755000000065 31.03994800000001 -3.084559 2.048591 38.374593
34 2 Pedestrian 543.614394 180.558693 12.666666000000077 31.036969999999997 -3.203054 2.048618 38.378254
35 2 Pedestrian 540.395747 180.571556 12.011012999999934 31.032016000000027 -3.388416 2.049372 38.384514
36 2 Pedestrian 537.334668 180.584416 11.333334000000036 31.027062 -3.573779 2.050127 38.390774
37 2 Pedestrian 534.225084 180.547778 12.84097799999995 31.039334999999994 -3.724063 2.048005 38.375831
38 2 Pedestrian 531.297524 180.511114 14.333334000000036 31.051613000000003 -3.874347 2.045882 38.360888
39 2 Pedestrian 529.002632 180.474422 12.676491000000055 31.063898999999992 -4.024631 2.043759 38.345946
40 2 Pedestrian 526.918152 180.437704 11.0 31.076189 -4.174915 2.041637 38.331003
41 2 Pedestrian 523.772169 180.400960 11.840992000000028 31.08848499999999 -4.325199 2.039514 38.316060
42 2 Pedestrian 520.863198 180.364188 12.666666999999961 31.100786999999997 -4.475483 2.037391 38.301118
43 2 Pedestrian 520.077150 180.286415 13.332831000000056 31.116123999999985 -4.473082 2.033039 38.281940
44 2 Pedestrian 516.036840 180.250456 14.0 31.128331999999972 -4.630319 2.030965 38.267138
45 2 Pedestrian 513.977899 180.214353 13.010498999999982 31.140664000000015 -4.787556 2.028891 38.252335
46 2 Pedestrian 511.703856 180.177809 12.0 31.153415999999993 -4.944793 2.026817 38.237533
47 2 Pedestrian 508.624665 180.177999 13.51303200000001 31.161052000000012 -5.075972 2.026722 38.227517
48 2 Pedestrian 505.370466 180.178189 14.999999999999943 31.168690999999995 -5.207151 2.026627 38.217502
49 2 Pedestrian 503.598473 180.178380 13.016050999999948 31.176333 -5.338330 2.026531 38.207487
50 2 Pedestrian 501.698505 180.178571 10.999999999999943 31.183977 -5.469509 2.026436 38.197471
51 2 Pedestrian 498.736795 180.178742 12.511595 31.191644999999994 -5.600688 2.026341 38.187456
52 2 Pedestrian 495.687965 180.178799 14.000000999999997 31.199430000000007 -5.731867 2.026246 38.177441
53 2 Pedestrian 492.730507 180.110173 12.876889000000006 31.200626999999997 -5.886489 2.022552 38.169624
54 2 Pedestrian 489.801562 180.041517 11.666667000000018 31.201786 -6.041111 2.018858 38.161808
55 2 Pedestrian 486.952739 179.972830 12.697870999999964 31.202909000000005 -6.195733 2.015165 38.153992
56 2 Pedestrian 484.243850 179.904113 13.666667000000018 31.203998000000013 -6.350354 2.011471 38.146176
57 2 Pedestrian 482.842804 179.782012 13.30589900000001 31.22864199999998 -6.409453 2.004757 38.124313
58 2 Pedestrian 479.740824 179.672440 13.0 31.234994999999998 -6.564990 1.998865 38.112293
59 2 Pedestrian 476.814782 179.562783 12.690611000000047 31.241367999999994 -6.720528 1.992972 38.100273
60 2 Pedestrian 474.106989 179.453041 12.333332999999982 31.247760999999997 -6.876065 1.987080 38.088253
61 2 Pedestrian 470.642704 179.343215 14.186976000000016 31.254175000000004 -7.031603 1.981187 38.076233
62 2 Pedestrian 467.582843 179.248752 16.0 31.24950799999999 -7.157625 1.976266 38.080760
63 2 Pedestrian 465.475125 179.154306 14.510672999999997 31.24485200000001 -7.283646 1.971345 38.085286
64 2 Pedestrian 463.175680 179.059877 13.0 31.240208999999993 -7.409668 1.966424 38.089813
65 2 Pedestrian 461.722298 178.965465 12.508262000000002 31.235577000000006 -7.535690 1.961502 38.094339
66 2 Pedestrian 460.104112 178.871070 12.0 31.230957999999987 -7.661711 1.956581 38.098866
67 2 Pedestrian 457.301535 178.996836 11.66918099999998 31.221118999999987 -7.807589 1.963295 38.111650
68 2 Pedestrian 454.346710 179.122510 11.333333000000039 31.211298999999997 -7.953467 1.970009 38.124434
69 2 Pedestrian 451.042923 179.248092 12.002494000000013 31.20149999999998 -8.099344 1.976723 38.137218
70 2 Pedestrian 448.088934 179.365108 12.66666600000002 31.17354400000002 -8.223931 1.983192 38.172179
71 2 Pedestrian 446.735638 179.116683 12.332609999999988 31.15241900000001 -8.349668 1.970373 38.199800
72 2 Pedestrian 445.233070 178.868634 11.999999000000003 31.131290000000007 -8.475404 1.957555 38.227421
73 2 Pedestrian 442.720629 178.620960 11.999400000000037 31.110157000000015 -8.601141 1.944737 38.255042
74 2 Pedestrian 440.056921 178.373661 12.0 31.089021000000002 -8.726877 1.931919 38.282663
75 2 Pedestrian 437.885280 178.126735 11.999483999999995 31.067881 -8.852614 1.919101 38.310284
76 2 Pedestrian 435.560431 177.880182 12.000000999999997 31.046737000000007 -8.978350 1.906282 38.337905
0 3 Car 654.989751 180.244977 33.7355060000001 26.635040000000004 4.187615 2.199353 48.523727
1 3 Car 654.990426 180.243042 33.734431000000086 26.635002999999983 4.187603 2.199215 48.523494
2 3 Car 654.991102 180.241107 33.73335600000007 26.63496599999999 4.187591 2.199076 48.523260
3 3 Car 654.991778 180.239172 33.73228000000006 26.634929 4.187580 2.198938 48.523026
4 3 Car 654.992454 180.237237 33.73120400000005 26.63489100000001 4.187568 2.198799 48.522792
5 3 Car 654.993130 180.235302 33.730129000000034 26.63485400000002 4.187556 2.198661 48.522559
6 3 Car 654.993806 180.233367 33.72905300000002 26.634817000000027 4.187544 2.198522 48.522325
7 3 Car 654.994482 180.231432 33.72797800000001 26.634779999999978 4.187532 2.198384 48.522091
8 3 Car 654.995158 180.229497 33.72690200000011 26.634742999999986 4.187520 2.198245 48.521857
9 3 Car 654.995834 180.227562 33.7258260000001 26.634704999999997 4.187509 2.198107 48.521624
10 3 Car 654.996510 180.225627 33.72475100000008 26.634668000000005 4.187497 2.197968 48.521390
11 3 Car 654.997186 180.223692 33.72367499999996 26.634631000000013 4.187485 2.197830 48.521156
12 3 Car 654.997863 180.221757 33.72259799999995 26.634593999999993 4.187473 2.197691 48.520922
13 3 Car 654.998539 180.219822 33.721522999999934 26.634556000000003 4.187461 2.197553 48.520689
14 3 Car 654.999215 180.217887 33.72044699999992 26.63451900000001 4.187449 2.197414 48.520455
15 3 Car 654.999891 180.215952 33.71937099999991 26.634481000000022 4.187438 2.197276 48.520221
16 3 Car 655.000567 180.214017 33.71829600000001 26.634443999999974 4.187426 2.197137 48.519988
17 3 Car 655.001243 180.212082 33.71722 26.63440699999998 4.187414 2.196999 48.519754
18 3 Car 655.001919 180.210146 33.716143999999986 26.63436999999999 4.187402 2.196860 48.519520
19 3 Car 655.002595 180.208211 33.715067999999974 26.634332999999998 4.187390 2.196722 48.519286
20 3 Car 655.003272 180.206276 33.71399199999996 26.63429500000001 4.187378 2.196583 48.519053
21 3 Car 655.003948 180.204341 33.71291599999995 26.63425799999999 4.187367 2.196445 48.518819
22 3 Car 655.004624 180.202406 33.71183999999994 26.63422 4.187355 2.196306 48.518585
23 3 Car 655.005300 180.200470 33.71076399999993 26.634183000000007 4.187343 2.196167 48.518351
24 3 Car 655.005977 180.198535 33.709687999999915 26.634146000000015 4.187331 2.196029 48.518118
25 3 Car 655.006653 180.196600 33.70861200000002 26.634107999999998 4.187319 2.195890 48.517884
26 3 Car 655.007329 180.194665 33.707536000000005 26.634071000000006 4.187307 2.195752 48.517650
27 3 Car 655.008005 180.192729 33.70645999999999 26.634033999999986 4.187296 2.195613 48.517416
28 3 Car 655.008682 180.190794 33.70538299999998 26.633995999999996 4.187284 2.195475 48.517183
29 3 Car 655.009358 180.188859 33.70430799999997 26.633959000000004 4.187272 2.195336 48.516949
30 3 Car 655.010034 180.186923 33.70323199999996 26.633921999999984 4.187260 2.195198 48.516715
31 3 Car 655.010711 180.184988 33.70215499999995 26.633883999999995 4.187248 2.195059 48.516482
32 3 Car 655.011387 180.183053 33.701078999999936 26.633846000000005 4.187236 2.194921 48.516248
33 3 Car 655.012063 180.181117 33.70000300000004 26.633809000000014 4.187225 2.194782 48.516014
34 3 Car 655.012740 180.179182 33.69892600000003 26.633771999999993 4.187213 2.194644 48.515780
35 3 Car 655.013416 180.177246 33.69785000000002 26.633735 4.187201 2.194505 48.515547
36 3 Car 655.014093 180.175311 33.696774000000005 26.633697000000012 4.187189 2.194367 48.515313
37 3 Car 655.014769 180.173375 33.69569799999999 26.63366000000002 4.187177 2.194228 48.515079
38 3 Car 655.015446 180.171440 33.694620999999984 26.633622000000003 4.187165 2.194090 48.514845
39 3 Car 655.016122 180.169504 33.69354499999997 26.63358500000001 4.187153 2.193951 48.514612
40 3 Car 655.016798 180.167569 33.69246899999996 26.63354700000002 4.187142 2.193813 48.514378
41 3 Car 655.017475 180.165633 33.691392000000064 26.633509999999973 4.187130 2.193674 48.514144
42 3 Car 655.018151 180.163698 33.69031600000005 26.633471999999983 4.187118 2.193536 48.513910
43 3 Car 655.018828 180.161762 33.68923900000004 26.63343499999999 4.187106 2.193397 48.513677
44 3 Car 655.019505 180.159827 33.688162000000034 26.633397000000002 4.187094 2.193259 48.513443
45 3 Car 655.020181 180.157891 33.68708600000002 26.633359999999982 4.187082 2.193120 48.513209
46 3 Car 655.020858 180.155955 33.68600900000001 26.63332299999999 4.187071 2.192982 48.512976
47 3 Car 655.021534 180.154020 33.684933 26.633285 4.187059 2.192843 48.512742
48 3 Car 655.022211 180.152084 33.68385599999999 26.63324800000001 4.187047 2.192705 48.512508
49 3 Car 655.022887 180.150149 33.68277999999998 26.63320999999999 4.187035 2.192566 48.512274
50 3 Car 655.023564 180.148213 33.681703000000084 26.633173 4.187023 2.192428 48.512041
51 3 Car 655.024241 180.146277 33.680626000000075 26.63313500000001 4.187011 2.192289 48.511807
52 3 Car 655.024917 180.144341 33.67955000000006 26.63309799999999 4.187000 2.192151 48.511573
53 3 Car 655.025594 180.142406 33.678473000000054 26.63306 4.186988 2.192012 48.511339
54 3 Car 655.026271 180.140470 33.677396000000044 26.63302300000001 4.186976 2.191874 48.511106
55 3 Car 655.026947 180.138534 33.67632000000003 26.63298500000002 4.186964 2.191735 48.510872
56 3 Car 655.027624 180.136598 33.67524300000002 26.632948 4.186952 2.191596 48.510638
57 3 Car 655.028301 180.134663 33.6741659999999 26.63291000000001 4.186940 2.191458 48.510404
58 3 Car 655.028977 180.132727 33.67309 26.63287200000002 4.186929 2.191319 48.510171
59 3 Car 655.029654 180.130791 33.67201299999999 26.632835 4.186917 2.191181 48.509937
60 3 Car 655.030331 180.128855 33.67093599999998 26.632798000000008 4.186905 2.191042 48.509703
61 3 Car 655.031008 180.126919 33.669858999999974 26.63276000000002 4.186893 2.190904 48.509469
62 3 Car 655.031684 180.124984 33.668781999999965 26.632722 4.186881 2.190765 48.509236
63 3 Car 655.032361 180.123048 33.667704999999955 26.632683999999983 4.186869 2.190627 48.509002
64 3 Car 655.033038 180.121112 33.666627999999946 26.63264699999999 4.186858 2.190488 48.508768
65 3 Car 655.033715 180.119176 33.66555099999994 26.632609000000002 4.186846 2.190350 48.508535
66 3 Car 655.034392 180.117240 33.66447399999993 26.632571999999982 4.186834 2.190211 48.508301
67 3 Car 655.035069 180.115304 33.66339700000003 26.632533999999993 4.186822 2.190073 48.508067
68 3 Car 655.035745 180.113368 33.66232100000002 26.632496000000003 4.186810 2.189934 48.507833
69 3 Car 655.036422 180.111432 33.66124300000001 26.632458999999983 4.186798 2.189796 48.507600
70 3 Car 655.037099 180.109496 33.660166000000004 26.632420999999994 4.186787 2.189657 48.507366
71 3 Car 655.037776 180.107560 33.659088999999994 26.632384000000002 4.186775 2.189519 48.507132
72 3 Car 655.038453 180.105624 33.658011999999985 26.632345999999984 4.186763 2.189380 48.506898
73 3 Car 655.039130 180.103688 33.656934999999976 26.632307999999995 4.186751 2.189242 48.506665
74 3 Car 655.039807 180.101752 33.65585699999997 26.632271000000003 4.186739 2.189103 48.506431
75 3 Car 655.040484 180.099816 33.65477999999996 26.632232999999985 4.186727 2.188965 48.506197
76 3 Car 655.041161 180.097880 33.653703000000064 26.632194999999996 4.186715 2.188826 48.505963
77 3 Car 655.041838 180.095944 33.652626000000055 26.632157000000007 4.186704 2.188688 48.505730