12 1 person 789 169 101 159 9.4763 -0.808098 -0.937668
13 1 person 793 167 86 171 9.35793 -0.889954 -0.969447
14 1 person 795 166 81 165 8.35641 -0.696014 -0.79323
15 1 person 789 168 70 162 8.30906 -0.632773 -0.830145
16 1 person 785 171 74 155 7.41242 -0.464552 -0.667858
17 1 person 783 178 74 150 11.6857 0.0535674 -1.09231
19 1 person 769 190 73 146 11.7156 0.0710192 -1.13192
23 1 person 741 186 70 149 10.2685 0.131777 -0.840806
24 1 person 731 181 64 157 11.7156 0.0710192 -1.13192
25 1 person 722 180 61 153 9.16531 0.344744 -0.697364
28 1 person 692 168 62 140 11.5786 1.98501 -0.641152
29 1 person 681 174 60 131 11.0116 1.92037 -0.568569
30 1 person 671 172 61 136 11.0116 1.92037 -0.568569
31 1 person 660 171 61 136 12.0327 1.9954 -0.752479
32 1 person 649 177 63 136 12.9588 2.06687 -0.84722
33 1 person 639 175 63 138 11.7211 1.91543 -0.705286
34 1 person 632 172 53 140 11.0203 1.88336 -0.618966
35 1 person 623 166 53 144 10.4042 1.85061 -0.518189
36 1 person 615 164 50 146 9.97214 1.93782 -0.389999
39 1 person 593 169 54 141 13.1372 4.04307 -0.461225
40 1 person 593 169 50 142 12.6469 3.80301 -0.455636
41 1 person 588 166 47 149 12.7207 3.83772 -0.448475
42 1 person 589 170 45 141 11.9918 3.49993 -0.346166
43 1 person 593 173 48 136 11.8899 3.4306 -0.353448
44 1 person 593 175 46 141 13.0958 4.08803 -0.444719
48 1 person 611 175 46 134 15.9966 6.60654 -0.406102
49 1 person 619 172 44 145 13.306 4.40592 -0.276743
50 1 person 626 174 46 137 13.5634 4.5812 -0.284366
51 1 person 636 168 43 150 13.4418 4.49097 -0.266755
52 1 person 646 176 48 124 13.3819 4.45513 -0.25943
53 1 person 658 169 38 149 13.4418 4.49097 -0.266755
54 1 person 671 172 36 135 22.7901 11.8531 -0.525196
