111 5 car 854 190 107 52 59.1151 6.49317 -1.14421
112 5 car 840 189 103 54 59.0823 6.55467 -1.16615
113 5 car 833 186 106 58 58.9653 6.316 -1.00863
114 5 car 819 188 104 56 59.0115 6.20794 -0.822254
115 5 car 814 187 106 61 58.1054 6.74696 -0.971189
116 5 car 808 189 106 60 58.1054 6.74696 -0.971189
117 5 car 794 191 107 66 58.1054 6.74696 -0.971189
118 5 car 788 190 110 69 58.1054 6.74696 -0.971189
119 5 car 782 190 113 70 58.1054 6.74696 -0.971189
120 5 car 776 190 111 72 58.2478 6.60286 -0.911621
121 5 car 767 192 115 72 58.312 6.68361 -0.835202
122 5 car 758 192 119 77 58.2532 6.93905 -1.05317
123 5 car 749 190 121 83 58.3747 6.74963 -0.976677
124 5 car 737 191 121 84 58.3747 6.74963 -0.976677
125 5 car 729 192 124 87 57.9411 7.3612 -0.921331
126 5 car 722 191 115 89 57.9411 7.3612 -0.921331
127 5 car 716 191 133 92 57.9825 7.48845 -1.04151
128 5 car 711 189 136 101 57.9411 7.3612 -0.921331
129 5 car 710 189 141 106 57.9411 7.3612 -0.921331
130 5 car 710 189 141 106 55.6442 8.68118 -0.661985
131 5 car 713 183 179 129 58.0388 7.08869 -0.969128
132 5 car 721 188 165 129 58.0388 7.08869 -0.969128
133 5 car 731 187 165 135 58.0828 7.11957 -0.800402
134 5 car 746 190 176 126 57.5514 7.41451 -0.586416
135 5 car 771 193 181 153 57.6004 7.49967 -0.810993
136 5 car 788 186 217 184 57.5563 7.44682 -0.744279
137 5 car 825 187 228 177 57.5213 7.3649 -0.511768
138 5 car 854 184 271 189 57.4296 7.31187 -0.620891
139 5 car 901 182 329 190 57.3089 7.21059 -0.471648
140 5 car 962 194 275 171 57.3899 7.65755 -0.619729
