1 1 person 758 167 125 198 5.78714 -1.43371 -0.914366
2 1 person 765 167 121 197 5.78714 -1.43371 -0.914366
3 1 person 769 164 119 185 5.78714 -1.43371 -0.914366
4 1 person 768 160 122 187 5.78714 -1.43371 -0.914366
5 1 person 773 162 119 181 2.9615 -0.613503 -0.50161
10 1 person 791 173 124 184 3.13502 0.268729 -0.0168781
11 1 person 790 174 124 188 9.46607 -0.815579 -0.937334
12 1 person 787 173 122 188 9.46607 -0.815579 -0.937334
13 1 person 787 169 116 184 8.22489 -0.641074 -0.789266
14 1 person 781 169 119 186 7.24189 -0.359062 -0.580253
15 1 person 780 169 113 177 6.33349 -0.29742 -0.444325
16 1 person 775 171 107 169 6.82219 -0.317394 -0.490993
18 1 person 767 178 109 167 11.717 0.0479365 -1.09679
19 1 person 761 185 112 165 11.717 0.0479365 -1.09679
20 1 person 751 193 113 162 10.7132 0.188371 -0.920269
21 1 person 734 189 119 169 10.7132 0.188371 -0.920269
22 1 person 721 186 122 173 10.7132 0.188371 -0.920269
23 1 person 712 184 124 172 10.7132 0.188371 -0.920269
28 1 person 688 177 108 152 15.4569 2.52062 -1.29922
30 1 person 661 178 101 144 12.1108 2.13834 -0.797521
31 1 person 641 179 100 144 12.1108 2.13834 -0.797521
42 1 person 586 175 69 92 11.4487 3.25926 -0.336701
67 1 person 586 175 69 92 33.9978 25.3735 -1.78597
68 1 person 586 175 69 92 33.9978 25.3735 -1.78597
