121 6 car 723 189 103 70 57.907 7.97761 -0.91859
122 6 car 763 192 109 68 58.543 6.79489 -0.704856
123 6 car 746 192 114 75 58.4691 6.96066 -0.758687
124 6 car 738 192 120 78 58.4691 6.96066 -0.758687
125 6 car 720 191 129 84 58.1838 7.52533 -0.749173
126 6 car 729 190 120 91 58.0936 7.54776 -0.794825
127 6 car 719 190 129 93 58.0985 7.57974 -0.815114
128 6 car 717 188 126 99 58.0936 7.54776 -0.794825
129 6 car 710 189 136 100 58.11 7.51983 -0.548017
130 6 car 716 189 131 109 58.0323 7.24837 -0.631559
131 6 car 720 188 137 116 58.0419 7.1448 -0.603505
132 6 car 725 188 143 126 58.0496 7.2004 -0.633829
133 6 car 732 191 158 129 58.1245 7.41577 -0.704084
134 6 car 750 189 166 136 58.0171 7.72883 -0.752884
135 6 car 767 196 185 143 58.0948 7.80262 -0.902472
136 6 car 794 196 197 146 58.0845 7.62627 -0.641795
137 6 car 819 183 229 183 58.029 7.69013 -0.655582
138 6 car 854 183 259 190 57.9554 7.58841 -0.674782
139 6 car 892 185 343 189 57.9387 7.60761 -0.704422
140 6 car 941 197 300 169 58.0824 7.78692 -0.701481
141 6 car 1013 178 217 184 58.3909 7.65246 -0.69973
142 6 car 1084 186 152 187 58.3831 7.65493 -0.690337
148 6 car 1120 175 115 194 62.0815 6.97493 -0.742
150 6 car 993 242 238 130 63.1778 6.77708 -0.908085
