1 1 person 775 166 97 191 8.5807 -2.52447 -0.747413
2 1 person 780 166 88 169 5.6076 -1.43625 -1.00873
3 1 person 786 160 77 171 5.6076 -1.43625 -1.00873
4 1 person 794 161 80 163 5.6076 -1.43625 -1.00873
5 1 person 798 158 68 174 0.010244 -0.00152245 -0.0807863
6 1 person 804 163 72 161 7.49359 -1.262 -1.01326
7 1 person 806 161 67 180 7.57615 -1.15021 -1.0182
8 1 person 791 165 98 175 7.49359 -1.262 -1.01326
9 1 person 796 168 90 178 11.6278 -1.48711 -1.00299
10 1 person 802 165 74 198 11.7134 -1.38537 -1.06297
11 1 person 807 167 62 190 9.36763 -0.804108 -1.06228
12 1 person 798 258 94 101 9.34185 -0.882195 -1.01073
13 1 person 788 249 117 113 9.317 -0.901106 -0.973589
14 1 person 792 254 104 112 8.31608 -0.707313 -0.797602
15 1 person 790 258 102 109 6.0428 -0.233565 -0.425126
16 1 person 781 249 101 113 6.27937 -0.296551 -0.444458
17 1 person 780 259 101 106 11.7147 0.012834 -1.1848
18 1 person 775 268 101 100 11.7147 0.012834 -1.1848
19 1 person 766 268 101 102 11.7065 0.0529588 -1.13446
20 1 person 750 260 111 118 10.6663 0.176183 -0.917998
21 1 person 746 264 112 105 10.5134 0.136893 -0.922451
22 1 person 739 254 99 107 10.5134 0.136893 -0.922451
23 1 person 734 250 103 111 10.5134 0.136893 -0.922451
24 1 person 723 259 105 102 10.5892 0.204212 -0.932005
25 1 person 714 251 101 107 10.5134 0.136893 -0.922451
26 1 person 707 247 101 107 15.0115 2.23016 -1.15575
27 1 person 694 247 100 99 15.0115 2.23016 -1.15575
28 1 person 681 239 105 100 11.9164 1.9634 -0.694831
29 1 person 669 241 101 92 11.9164 1.9634 -0.694831
30 1 person 658 244 99 90 12.0668 1.99406 -0.746648
31 1 person 645 240 101 92 11.9164 1.9634 -0.694831
32 1 person 654 191 71 131 12.3374 1.99795 -0.756179
33 1 person 638 234 79 99 11.8016 1.94276 -0.686613
34 1 person 634 179 56 144 11.2671 1.86034 -0.640562
35 1 person 619 230 74 92 12.0668 1.99406 -0.746648
36 1 person 610 229 77 92 11.8777 2.3972 -0.597967
37 1 person 608 230 73 93 18.2133 6.11545 -1.53761
38 1 person 598 234 74 86 14.6427 4.57227 -0.912422
39 1 person 596 184 57 134 13.8538 4.38829 -0.552609
40 1 person 590 235 70 90 12.9231 3.83272 -0.595934
41 1 person 584 234 72 94 11.3096 3.15246 -0.290762
42 1 person 589 181 55 143 13.2865 4.10497 -0.556395
43 1 person 590 172 50 145 13.0529 4.07067 -0.476088
44 1 person 592 172 47 142 13.403 4.31679 -0.428386
46 1 person 602 171 42 143 27.3101 14.677 -0.174555
47 1 person 608 178 43 123 26.8729 15.1808 -0.855685
48 1 person 612 176 46 132 16.2367 6.75741 -0.408884
49 1 person 619 173 47 143 13.0764 4.26135 -0.215499
50 1 person 627 171 45 142 16.8948 7.39746 -0.486854
51 1 person 634 171 47 142 13.1641 4.29214 -0.199157
52 1 person 645 173 41 142 13.1503 4.2753 -0.196987
53 1 person 659 173 39 140 13.1503 4.2753 -0.196987
54 1 person 671 175 39 137 23.1519 11.9882 -0.770494
55 1 person 686 177 31 128 23.1453 12.0603 -0.75859
56 1 person 701 172 29 136 23.094 12.065 -0.536469
57 1 person 722 241 21 89 22.3974 11.5582 -1.58597
