111 5 car 854 190 107 52 59.0734 6.6913 -1.04406
112 5 car 840 189 103 54 59.0406 6.7528 -1.066
113 5 car 833 186 106 58 58.9235 6.51414 -0.908476
114 5 car 819 188 104 56 58.9698 6.40607 -0.722104
115 5 car 814 187 106 61 58.0609 6.95257 -0.866371
116 5 car 808 189 106 60 58.0609 6.95257 -0.866371
117 5 car 794 191 107 66 58.0609 6.95257 -0.866371
118 5 car 788 190 110 69 58.0609 6.95257 -0.866371
119 5 car 782 190 113 70 58.0609 6.95257 -0.866371
120 5 car 776 190 111 72 58.2033 6.80847 -0.806803
121 5 car 767 192 115 72 58.3085 6.88309 -0.731063
122 5 car 758 192 119 77 58.2498 7.13853 -0.949029
123 5 car 749 190 121 83 58.3713 6.94911 -0.872538
124 5 car 737 191 121 84 58.3713 6.94911 -0.872538
125 5 car 729 192 124 87 57.9398 7.55781 -0.82057
126 5 car 722 191 115 89 57.9398 7.55781 -0.82057
127 5 car 716 191 133 92 57.9812 7.68506 -0.940748
128 5 car 711 189 136 101 57.9398 7.55781 -0.82057
129 5 car 710 189 141 106 57.9398 7.55781 -0.82057
130 5 car 710 189 141 106 57.9056 7.26024 -0.6667
131 5 car 713 183 179 129 58.0758 7.2155 -0.877819
132 5 car 721 188 165 129 58.1053 7.08688 -0.867711
133 5 car 731 187 165 135 58.1552 7.06668 -0.74399
134 5 car 746 190 176 126 57.146 7.68572 -0.50957
135 5 car 771 193 181 153 57.1949 7.77088 -0.734147
136 5 car 788 186 217 184 57.1509 7.71803 -0.667433
137 5 car 825 187 228 177 57.1124 7.63851 -0.434168
138 5 car 854 184 271 189 57.0231 7.58849 -0.546558
139 5 car 901 182 329 190 56.9147 7.47127 -0.397878
140 5 car 962 194 275 171 57.1175 7.81568 -0.567625
