258 65 person 394 177 38 88 151.469 -28.6854 3.00409
259 65 person 394 177 38 88 152.307 -28.9424 2.86086
260 65 person 394 177 38 88 152.307 -28.9424 2.86086
261 65 person 394 177 38 88 153.939 -29.2561 2.85995
262 65 person 375 178 46 116 152.699 -28.8343 3.10186
263 65 person 375 178 46 116 153.939 -29.2561 2.85995
264 65 person 375 178 46 116 153.263 -29.1224 2.79748
265 65 person 375 178 46 116 155.18 -29.6778 2.61804
266 65 person 375 178 46 116 155.684 -29.6096 2.66371
267 65 person 375 178 46 116 155.684 -29.6096 2.66371
