81 22 car 509 151 93 64 87.0444 -4.34029 0.932478
82 22 car 505 151 95 65 87.0444 -4.34029 0.932478
83 22 car 498 149 99 65 87.0444 -4.34029 0.932478
84 22 car 493 150 98 65 88.9153 -5.00615 0.792617
85 22 car 491 150 96 65 80.2977 -10.0554 1.14405
86 22 car 486 150 98 66 89.1907 -3.93731 0.513118
87 22 car 483 150 100 67 89.1907 -3.93731 0.513118
88 22 car 479 148 102 70 89.1907 -3.93731 0.513118
89 22 car 470 147 104 71 89.1907 -3.93731 0.513118
90 22 car 464 146 107 74 89.1907 -3.93731 0.513118
91 22 car 458 146 108 75 89.1907 -3.93731 0.513118
92 22 car 451 142 119 83 89.1907 -3.93731 0.513118
93 22 car 445 140 127 87 90.3409 -4.12341 0.69256
94 22 car 441 139 134 90 90.3409 -4.12341 0.69256
95 22 car 430 139 138 91 90.3409 -4.12341 0.69256
96 22 car 422 139 141 93 91.2996 -4.33495 0.961102
97 22 car 415 140 138 95 91.2996 -4.33495 0.961102
98 22 car 408 141 134 96 91.2996 -4.33495 0.961102
99 22 car 397 139 140 102 91.5191 -3.83454 0.454678
100 22 car 388 136 146 107 91.5191 -3.83454 0.454678
101 22 car 378 135 151 110 91.5191 -3.83454 0.454678
102 22 car 368 133 155 113 91.3628 -3.68084 0.950846
103 22 car 360 130 158 113 91.3628 -3.68084 0.950846
104 22 car 354 128 162 113 92.0795 -4.26068 1.29786
105 22 car 346 127 180 122 92.0795 -4.26068 1.29786
106 22 car 330 127 186 128 92.0795 -4.26068 1.29786
107 22 car 314 126 196 134 91.486 -3.777 1.00601
108 22 car 297 123 208 141 91.4787 -3.80165 1.15508
109 22 car 277 122 209 143 91.6712 -3.86383 1.01476
110 22 car 261 121 210 146 92.0264 -4.39497 1.37982
111 22 car 236 116 227 157 91.5624 -4.02479 1.08655
112 22 car 236 116 227 157 92.4272 -4.6392 1.55758
113 22 car 189 107 276 180 92.8442 -4.24413 1.39703
114 22 car 150 105 307 195 93.0456 -3.50835 1.02448
115 22 car 120 101 319 201 93.2859 -2.87733 1.06979
116 22 car 74 92 360 215 92.8195 -3.22478 1.04612
117 22 car 27 87 394 222 92.9014 -3.46371 1.12066
118 22 car 0 83 422 244 92.149 -4.96021 0.397957
119 22 car 0 82 429 258 93.2819 -5.59047 0.289669
120 22 car 0 80 415 273 92.3637 -5.27014 0.343575
121 22 car 0 73 396 287 94.7288 -6.36603 0.456769
122 22 car 0 68 368 292 94.7295 -6.28591 0.554033
123 22 car 0 57 341 290 94.8631 -6.06585 0.176708
124 22 car 0 66 308 280 94.8631 -6.06585 0.176708
125 22 car 0 60 277 277 94.9512 -6.06032 0.146621
126 22 car 0 73 242 266 94.9512 -6.06032 0.146621
127 22 car 0 73 242 266 94.5201 -5.87236 0.483056
128 22 car 0 73 242 266 94.9334 -6.1754 0.416457
