1 1 person 775 166 97 191 8.5807 -2.52447 -0.747413
2 1 person 780 166 88 169 5.6076 -1.43625 -1.00873
3 1 person 786 160 77 171 5.6076 -1.43625 -1.00873
4 1 person 794 161 80 163 5.6076 -1.43625 -1.00873
5 1 person 798 158 68 174 0.0133919 -0.00208092 -0.0816071
6 1 person 804 163 72 161 7.51653 -1.25114 -1.0279
7 1 person 806 161 67 180 7.59909 -1.13935 -1.03284
8 1 person 791 165 98 175 7.51653 -1.25114 -1.0279
9 1 person 796 168 90 178 11.6507 -1.47625 -1.01764
10 1 person 802 165 74 198 11.7364 -1.37451 -1.07761
11 1 person 807 167 62 190 9.38997 -0.789951 -1.08048
12 1 person 789 169 101 159 9.45771 -0.805093 -0.960011
13 1 person 793 167 86 171 8.23625 -0.635543 -0.814828
14 1 person 795 166 81 165 8.23625 -0.635543 -0.814828
15 1 person 789 168 70 162 8.30537 -0.634316 -0.854467
16 1 person 785 171 74 155 7.43082 -0.469805 -0.697405
17 1 person 783 178 74 150 11.7036 0.049357 -1.1151
18 1 person 773 181 69 154 11.6062 0.241466 -1.12285
19 1 person 769 190 73 146 11.7335 0.0668087 -1.15471
20 1 person 757 192 74 155 9.3137 0.405284 -0.777225
21 1 person 755 190 73 153 7.76135 0.439328 -0.331752
22 1 person 743 184 72 162 7.79473 0.514061 -0.454776
23 1 person 741 186 70 149 10.2865 0.127566 -0.863596
24 1 person 731 181 64 157 11.7335 0.0668087 -1.15471
25 1 person 722 180 61 153 9.18325 0.340534 -0.720155
26 1 person 712 172 63 146 15.1261 2.32248 -1.20324
27 1 person 700 176 66 132 15.1261 2.32248 -1.20324
28 1 person 692 168 62 140 11.681 1.99825 -0.682858
29 1 person 681 174 60 131 11.1041 1.93286 -0.608549
30 1 person 671 172 61 136 11.1041 1.93286 -0.608549
31 1 person 660 171 61 136 12.0974 2.005 -0.786631
32 1 person 649 177 63 136 13.0227 2.07633 -0.881198
33 1 person 639 175 63 138 11.7205 1.91194 -0.73507
34 1 person 632 172 53 140 11.0182 1.87796 -0.649902
35 1 person 623 166 53 144 10.3585 1.83238 -0.542328
36 1 person 615 164 50 146 9.86731 1.89116 -0.421501
37 1 person 607 166 50 144 18.5112 6.24228 -1.55673
38 1 person 605 170 51 139 14.2101 4.3837 -0.806613
39 1 person 593 169 54 141 13.465 4.17694 -0.509215
40 1 person 593 169 50 142 13.0275 3.9635 -0.504792
41 1 person 588 166 47 149 13.2302 4.06479 -0.509073
42 1 person 589 170 45 141 12.4227 3.68738 -0.396707
43 1 person 593 173 48 136 12.3216 3.61858 -0.40052
44 1 person 593 175 46 141 13.5004 4.2665 -0.491511
46 1 person 604 169 39 143 27.6247 14.8174 -0.193852
47 1 person 607 179 43 123 27.1875 15.3212 -0.874982
48 1 person 611 175 46 134 16.779 7.0369 -0.445215
49 1 person 619 172 44 145 13.7727 4.6309 -0.282758
50 1 person 626 174 46 137 13.9342 4.73612 -0.278968
51 1 person 636 168 43 150 13.9342 4.73612 -0.278968
52 1 person 646 176 48 124 13.8661 4.69586 -0.270684
53 1 person 658 169 38 149 13.9342 4.73612 -0.278968
54 1 person 671 172 36 135 23.283 12.0873 -0.540261
55 1 person 686 177 28 126 23.3343 12.0826 -0.762382
