77 26 person 803 153 49 107 69.5351 -8.27675 0.178852
78 26 person 803 153 49 107 68.6827 -7.86568 0.401594
79 26 person 803 153 49 107 65.7418 -6.47695 0.391876
80 26 person 803 153 49 107 65.4528 -6.36458 0.454401
81 26 person 812 203 47 71 68.1203 -7.1626 -0.262041
82 26 person 823 205 42 74 68.1203 -7.1626 -0.262041
83 26 person 823 205 42 74 68.9102 -7.37973 -0.0367196
84 26 person 823 205 42 74 75.2591 -10.5738 -0.161997
86 26 person 823 205 42 74 68.216 -7.307 0.276178
87 26 person 823 205 42 74 86.9383 -15.0839 -0.0120627
