1 0 truck 294 148 154 130 11.6354 3.69006 -0.761277
2 0 truck 295 153 150 121 11.6354 3.69006 -0.761277
3 0 truck 291 142 150 118 11.6354 3.69006 -0.761277
4 0 truck 291 144 149 122 9.92242 3.24411 -0.549682
5 0 truck 291 150 147 117 10.8418 3.69854 -0.601379
6 0 truck 287 153 149 111 14.9509 5.94099 -0.636078
7 0 truck 286 154 149 111 14.9509 5.94099 -0.636078
8 0 truck 287 156 142 111 13.9138 4.97727 -0.816516
9 0 truck 285 155 144 109 12.8364 4.8949 -0.497376
10 0 truck 282 155 144 112 13.4347 5.23773 -0.542238
11 0 truck 280 157 143 110 16.3286 7.15089 -0.945073
12 0 truck 281 156 139 112 16.3286 7.15089 -0.945073
13 0 truck 276 156 141 107 17.4251 7.65962 -0.78644
14 0 truck 277 156 142 107 16.554 7.32334 -0.87317
15 0 truck 276 158 138 105 15.9627 7.08236 -0.901408
16 0 truck 277 146 139 106 15.561 7.03172 -0.660278
17 0 truck 275 153 137 104 18.0155 8.33541 -0.789017
18 0 truck 276 158 136 104 18.0155 8.33541 -0.789017
19 0 truck 278 162 133 106 18.0278 8.47352 -0.826202
20 0 truck 280 169 129 103 18.0278 8.47352 -0.826202
21 0 truck 284 175 127 98 16.0817 7.57521 -0.726823
22 0 truck 289 173 121 97 15.7864 7.5806 -0.775981
23 0 truck 294 171 117 97 15.7864 7.5806 -0.775981
24 0 truck 297 172 113 94 15.673 7.59163 -0.725655
25 0 truck 304 171 107 94 15.9575 7.78661 -0.721448
27 0 truck 319 160 96 90 21.5697 11.9778 -1.14516
30 0 truck 336 161 88 93 21.5697 11.9778 -1.14516
