121 6 car 723 189 103 70 57.7097 7.80243 -0.962788
122 6 car 763 192 109 68 58.3457 6.61971 -0.749054
123 6 car 746 192 114 75 58.2719 6.78548 -0.802885
124 6 car 738 192 120 78 58.2719 6.78548 -0.802885
125 6 car 720 191 129 84 57.8987 7.35183 -0.804817
126 6 car 729 190 120 91 57.8085 7.37426 -0.850469
127 6 car 719 190 129 93 57.8134 7.40624 -0.870758
128 6 car 717 188 126 99 57.8085 7.37426 -0.850469
129 6 car 710 189 136 100 57.8248 7.34633 -0.603662
130 6 car 716 189 131 109 57.6908 7.20207 -0.691142
131 6 car 720 188 137 116 57.7127 6.94339 -0.66421
132 6 car 725 188 143 126 57.8248 7.34633 -0.603662
133 6 car 732 191 158 129 57.8661 7.32303 -0.7393
134 6 car 750 189 166 136 57.6596 7.55941 -0.674725
135 6 car 767 196 185 143 57.7373 7.6332 -0.824313
136 6 car 794 196 197 146 57.727 7.45685 -0.563636
137 6 car 819 183 229 183 57.6714 7.52091 -0.57741
138 6 car 854 183 259 190 57.5621 7.41144 -0.643103
139 6 car 892 185 343 189 57.5409 7.43654 -0.672643
140 6 car 941 197 300 169 57.686 7.61303 -0.669149
141 6 car 1013 178 217 184 57.9953 7.47733 -0.667686
142 6 car 1084 186 152 187 57.9887 7.47874 -0.65849
148 6 car 1120 175 115 194 61.6882 6.79796 -0.710321
150 6 car 993 242 238 130 62.7816 6.60179 -0.87618
