109 5 car 870 185 109 58 46.1047 13.3155 -0.564157
110 5 car 851 187 104 55 46.1047 13.3155 -0.564157
111 5 car 845 186 107 57 58.9507 6.5381 -0.999353
112 5 car 838 186 106 57 58.9507 6.5381 -0.999353
113 5 car 826 184 110 60 58.9507 6.5381 -0.999353
114 5 car 815 183 113 62 58.9507 6.5381 -0.999353
115 5 car 815 183 113 62 58.0839 6.85449 -0.852185
116 5 car 815 183 113 62 58.0572 6.46224 -0.754445
117 5 car 794 189 109 64 58.1338 6.88855 -0.938448
118 5 car 771 184 131 78 55.8066 8.50073 -1.17315
119 5 car 769 188 123 74 58.1338 6.88855 -0.938448
120 5 car 759 187 130 81 58.1338 6.88855 -0.938448
121 5 car 751 185 134 84 58.515 6.86541 -0.917898
122 5 car 739 185 136 85 58.515 6.86541 -0.917898
123 5 car 737 188 130 86 58.515 6.86541 -0.917898
124 5 car 737 188 130 86 58.3988 6.88575 -0.943824
125 5 car 737 188 130 86 58.0203 7.36819 -0.717388
126 5 car 715 187 142 98 58.0008 7.5164 -0.935713
127 5 car 715 187 142 98 57.9664 7.49778 -0.888103
128 5 car 704 186 146 104 58.0008 7.5164 -0.935713
129 5 car 705 186 145 105 58.0009 7.14102 -0.720568
130 5 car 706 186 147 107 57.9322 7.10685 -0.706619
131 5 car 706 186 147 107 58.112 6.91917 -0.751294
132 5 car 721 182 144 95 57.8974 7.09674 -0.612024
133 5 car 721 182 144 95 57.8932 7.33408 -0.622785
134 5 car 746 183 155 100 57.3921 7.60274 -0.503349
135 5 car 762 182 167 106 57.3921 7.60274 -0.503349
136 5 car 786 180 184 112 57.3921 7.60274 -0.503349
137 5 car 810 182 214 127 57.4063 7.62864 -0.582722
138 5 car 828 177 293 176 57.2967 7.49988 -0.651446
139 5 car 874 178 314 192 57.2736 7.52755 -0.680912
140 5 car 926 179 315 195 57.5414 7.71373 -0.84049
141 5 car 977 181 264 193 57.723 7.57219 -0.674938
142 5 car 1045 184 196 184 57.7187 7.57144 -0.666091
