1 0 truck 294 148 154 130 11.6354 3.69006 -0.761277
2 0 truck 295 153 150 121 11.6354 3.69006 -0.761277
3 0 truck 291 142 150 118 11.6354 3.69006 -0.761277
4 0 truck 291 144 149 122 9.99878 3.27036 -0.552629
5 0 truck 291 150 147 117 10.9041 3.72406 -0.604105
6 0 truck 287 153 149 111 14.9745 5.93084 -0.65509
7 0 truck 286 154 149 111 14.9745 5.93084 -0.65509
8 0 truck 287 156 142 111 13.9374 4.96712 -0.835528
9 0 truck 285 155 144 109 12.8447 4.87932 -0.516084
10 0 truck 282 155 144 112 13.4494 5.22398 -0.561154
11 0 truck 280 157 143 110 16.3594 7.14481 -0.966507
12 0 truck 281 156 139 112 16.3594 7.14481 -0.966507
13 0 truck 276 156 141 107 17.456 7.65354 -0.807875
14 0 truck 277 156 142 107 16.5848 7.31726 -0.894605
15 0 truck 276 158 138 105 16.1931 7.13911 -0.949261
16 0 truck 277 146 139 106 15.4765 6.95887 -0.676317
17 0 truck 275 153 137 104 17.9881 8.34241 -0.808399
18 0 truck 276 158 136 104 17.9881 8.34241 -0.808399
19 0 truck 278 162 133 106 18.0004 8.48052 -0.845584
20 0 truck 280 169 129 103 18.0004 8.48052 -0.845584
21 0 truck 284 175 127 98 16.0443 7.57691 -0.745609
22 0 truck 289 173 121 97 15.7086 7.55385 -0.791544
23 0 truck 294 171 117 97 15.7086 7.55385 -0.791544
24 0 truck 297 172 113 94 15.5912 7.56188 -0.741578
25 0 truck 304 171 107 94 15.8682 7.75141 -0.737484
26 0 truck 310 160 103 97 15.8847 7.83667 -0.715512
27 0 truck 318 157 98 94 21.5009 11.9517 -1.14504
28 0 truck 326 157 91 96 21.5009 11.9517 -1.14504
29 0 truck 330 162 93 89 21.5009 11.9517 -1.14504
30 0 truck 336 162 89 93 21.5009 11.9517 -1.14504
31 0 truck 341 159 89 92 21.5009 11.9517 -1.14504
32 0 truck 349 157 88 94 21.5009 11.9517 -1.14504
33 0 truck 359 159 89 92 21.5009 11.9517 -1.14504
34 0 truck 364 158 97 88 21.3634 12.0919 -1.00339
35 0 truck 372 161 101 84 21.4201 12.0361 -1.12045
36 0 truck 382 158 104 85 21.5373 12.1099 -1.14471
38 0 truck 406 159 97 84 24.8922 14.0288 -1.33405
39 0 truck 419 158 101 85 24.8983 13.9746 -1.35213
40 0 truck 432 159 109 84 24.8983 13.9746 -1.35213
41 0 truck 449 159 107 85 25.0714 14.1764 -1.19661
42 0 truck 466 163 105 83 22.0552 11.5627 -0.937417
43 0 truck 482 165 109 83 21.5685 11.1239 -0.91078
44 0 truck 500 163 106 85 20.4724 10.1927 -0.839326
45 0 truck 518 162 101 87 20.5452 10.2671 -0.865233
46 0 truck 537 145 129 119 24.049 13.2117 -0.659321
47 0 truck 556 156 128 94 21.8457 10.8736 -0.688097
48 0 truck 578 157 116 88 19.6032 9.06607 -0.618331
49 0 truck 601 157 114 85 19.0495 8.5049 -0.565614
50 0 truck 628 142 131 87 13.7614 4.75612 -0.38967
51 0 truck 642 157 116 79 14.7977 5.41071 -0.374871
52 0 truck 668 157 113 78 15.5545 5.94772 -0.387789
53 0 truck 686 157 119 80 15.3899 5.83156 -0.388985
54 0 truck 703 156 126 80 15.9259 6.12908 -0.408196
55 0 truck 723 154 130 83 31.3878 15.6199 -0.680593
56 0 truck 747 155 133 81 29.9423 14.8093 -0.654126
57 0 truck 770 153 136 85 29.9423 14.8093 -0.654126
58 0 truck 794 152 138 87 24.8517 11.8153 -0.705834
59 0 truck 816 150 142 88 25.1723 12.0516 -0.818201
60 0 truck 860 155 127 83 36.5062 16.9379 -1.01956
61 0 truck 868 155 143 83 36.4168 16.9984 -0.980042
62 0 truck 887 154 148 85 36.4168 16.9984 -0.980042
63 0 truck 908 153 152 88 33.6711 15.854 -1.01237
64 0 truck 931 153 156 85 32.2475 15.305 -1.00246
65 0 truck 955 152 155 89 32.2475 15.305 -1.00246
66 0 truck 975 154 157 88 39.0065 16.8892 -0.842279
67 0 truck 994 156 162 89 39.0065 16.8892 -0.842279
68 0 truck 1012 156 166 91 34.7065 15.4339 -0.770377
69 0 truck 1024 158 165 86 35.0216 15.4361 -0.865871
70 0 truck 1040 158 153 84 41.1464 16.8575 -1.28958
71 0 truck 1053 157 145 87 41.1464 16.8575 -1.28958
72 0 truck 1067 157 137 83 41.2007 16.7254 -1.27936
73 0 truck 1074 158 134 83 41.249 16.9991 -1.17789
74 0 truck 1083 159 123 81 41.249 16.9991 -1.17789
77 0 truck 1100 164 89 84 41.3784 16.1783 -1.31532
78 0 truck 1104 168 80 69 39.8388 15.7351 -0.752341
79 0 truck 1109 159 117 106 39.7149 15.528 -1.12245
81 0 truck 1103 161 138 91 38.4366 15.1528 -0.951185
82 0 truck 1096 159 140 99 42.3863 15.4384 -1.00626
83 0 truck 1093 167 138 80 42.1379 14.885 -0.646846
84 0 truck 1085 155 152 105 42.1379 14.885 -0.646846
85 0 truck 1070 157 171 139 39.3123 14.9373 -1.00939
86 0 truck 1070 157 171 139 38.9501 14.8398 -0.641067
88 0 truck 1046 156 190 129 38.9501 14.8398 -0.641067
89 0 truck 1046 156 190 129 39.7592 14.3116 -0.288736
90 0 truck 1008 151 233 179 36.9449 15.128 -0.776907
91 0 truck 1015 149 226 198 36.8851 15.1721 -0.932474
92 0 truck 1005 141 236 232 39.4937 14.7555 -0.88153
93 0 truck 1017 150 224 212 37.1082 15.3265 -0.497015
94 0 truck 1008 138 233 210 37.7611 15.0565 -0.411203
95 0 truck 1021 151 220 215 37.4986 15.0716 -0.334877
96 0 truck 978 141 262 199 41.2576 14.0298 -0.328357
97 0 truck 999 129 234 225 40.265 14.3512 -0.343214
98 0 truck 962 141 275 230 40.4675 14.3691 -0.501946
99 0 truck 980 133 255 241 39.9899 14.4242 -0.365585
100 0 truck 966 144 275 230 39.5662 14.761 -0.373479
101 0 truck 951 141 290 233 39.6855 14.7629 -0.452481
102 0 truck 966 138 273 236 39.4259 14.7772 -0.465505
103 0 truck 951 138 290 236 40.5705 14.6358 -0.68938
104 0 truck 959 141 280 227 40.6374 14.6486 -0.714899
105 0 truck 961 134 279 238 40.7821 14.648 -0.750218
106 0 truck 955 132 286 242 41.4449 14.5219 -0.907918
107 0 truck 967 130 270 244 41.9587 14.5072 -0.768511
108 0 truck 967 123 274 251 42.0939 14.4421 -0.692961
109 0 truck 982 117 254 257 42.7306 14.2712 -0.842157
110 0 truck 1002 105 234 269 43.9599 13.569 -0.682408
112 0 truck 1060 91 181 283 43.7091 13.8757 -0.853689
113 0 truck 1100 86 141 288 43.8857 13.8242 -0.701304
140 0 truck 951 185 287 184 58.2503 7.66232 -0.776549
141 0 truck 1017 188 217 179 58.4281 7.63002 -0.825417
148 0 truck 1122 199 117 175 62.1305 6.94177 -0.86908
150 0 truck 984 245 249 129 63.2257 6.7446 -1.03509
