1 1 person 760 166 120 199 5.78714 -1.43371 -0.914366
2 1 person 766 164 122 204 5.78714 -1.43371 -0.914366
3 1 person 767 165 123 179 5.78714 -1.43371 -0.914366
4 1 person 765 159 127 190 5.78714 -1.43371 -0.914366
5 1 person 774 165 119 178 2.97875 -0.620715 -0.500616
10 1 person 789 174 125 186 3.39613 0.13417 -0.0147998
11 1 person 788 170 121 194 0.112979 0.793327 0.287535
12 1 person 784 170 120 190 -0.483471 0.896598 0.355223
13 1 person 789 162 107 187 -0.643226 0.898965 0.401731
14 1 person 777 171 124 186 0.622237 0.770642 0.216635
15 1 person 780 169 108 172 -0.489343 0.892158 0.278616
16 1 person 773 172 105 165 -0.489343 0.892158 0.278616
18 1 person 762 184 114 167 12.3503 0.0771797 -1.10363
19 1 person 757 191 121 159 12.3503 0.0771797 -1.10363
20 1 person 746 199 118 157 12.3503 0.0771797 -1.10363
21 1 person 726 184 124 173 8.54866 0.355927 -0.552953
22 1 person 718 182 125 174 8.54866 0.355927 -0.552953
23 1 person 712 184 127 166 9.32821 0.298405 -0.662937
