1 1 person 760 166 120 199 5.78714 -1.43371 -0.914366
2 1 person 766 164 122 204 5.78714 -1.43371 -0.914366
3 1 person 767 165 123 179 5.78714 -1.43371 -0.914366
4 1 person 765 159 127 190 5.78714 -1.43371 -0.914366
5 1 person 774 165 119 178 2.97989 -0.618368 -0.504288
10 1 person 789 174 125 186 3.0509 0.285523 -0.00827888
11 1 person 788 170 121 194 9.49704 -0.823985 -0.946395
12 1 person 784 170 120 190 9.49704 -0.823985 -0.946395
13 1 person 789 162 107 187 8.23102 -0.643259 -0.79456
14 1 person 777 171 124 186 7.26023 -0.363086 -0.587969
15 1 person 780 169 108 172 6.37675 -0.306832 -0.456083
16 1 person 773 172 105 165 7.98008 -0.523321 -0.699194
18 1 person 762 184 114 167 11.7965 0.0826876 -1.07762
19 1 person 757 191 121 159 11.7965 0.0826876 -1.07762
20 1 person 746 199 118 157 10.7409 0.169765 -0.923238
21 1 person 726 184 124 173 10.7409 0.169765 -0.923238
22 1 person 718 182 125 174 10.7409 0.169765 -0.923238
23 1 person 712 184 127 166 10.7409 0.169765 -0.923238
28 1 person 679 173 92 135 15.4727 2.4937 -1.30097
30 1 person 654 180 98 146 12.1206 2.11043 -0.798197
31 1 person 640 179 101 151 12.1206 2.11043 -0.798197
67 1 person 640 179 101 151 34.1565 23.5363 -1.6977
