1 0 truck 294 148 154 130 11.6354 3.69006 -0.761277
2 0 truck 295 153 150 121 11.6354 3.69006 -0.761277
3 0 truck 291 142 150 118 11.6354 3.69006 -0.761277
4 0 truck 291 144 149 122 10.0675 3.29388 -0.554363
5 0 truck 291 150 147 117 10.9449 3.74065 -0.605665
6 0 truck 287 153 149 111 14.9224 5.95332 -0.627782
7 0 truck 286 154 149 111 14.9224 5.95332 -0.627782
8 0 truck 287 156 142 111 13.8853 4.9896 -0.80822
9 0 truck 285 155 144 109 12.7925 4.90176 -0.488774
10 0 truck 282 155 144 112 13.4035 5.24934 -0.534108
11 0 truck 280 157 143 110 16.2889 7.17559 -0.941535
12 0 truck 281 156 139 112 16.2889 7.17559 -0.941535
13 0 truck 276 156 141 107 17.3854 7.68432 -0.782902
14 0 truck 277 156 142 107 16.5143 7.34804 -0.869633
15 0 truck 276 158 138 105 15.9242 7.1078 -0.898006
16 0 truck 277 146 139 106 15.5556 7.07671 -0.65756
17 0 truck 275 153 137 104 17.92 8.30151 -0.79439
18 0 truck 276 158 136 104 17.92 8.30151 -0.79439
19 0 truck 278 162 133 106 17.9323 8.43962 -0.831575
20 0 truck 280 169 129 103 17.9323 8.43962 -0.831575
21 0 truck 284 175 127 98 15.9773 7.53658 -0.731685
22 0 truck 289 173 121 97 15.6549 7.52292 -0.778226
23 0 truck 294 171 117 97 15.6549 7.52292 -0.778226
24 0 truck 297 172 113 94 15.5277 7.52404 -0.72805
25 0 truck 304 171 107 94 15.8062 7.71458 -0.723915
26 0 truck 310 160 103 97 15.8444 7.81572 -0.701808
27 0 truck 318 157 98 94 21.4394 11.8971 -1.11692
28 0 truck 326 157 91 96 21.4394 11.8971 -1.11692
29 0 truck 330 162 93 89 21.4394 11.8971 -1.11692
30 0 truck 336 162 89 93 21.4394 11.8971 -1.11692
31 0 truck 341 159 89 92 21.4394 11.8971 -1.11692
32 0 truck 349 157 88 94 21.4394 11.8971 -1.11692
33 0 truck 359 159 89 92 21.4394 11.8971 -1.11692
34 0 truck 364 158 97 88 21.309 12.0431 -0.975524
35 0 truck 372 161 101 84 21.3652 11.9868 -1.09257
36 0 truck 382 158 104 85 21.5202 12.0897 -1.12089
38 0 truck 406 159 97 84 24.8828 14.009 -1.2967
39 0 truck 419 158 101 85 24.8889 13.9547 -1.31478
40 0 truck 432 159 109 84 24.8889 13.9547 -1.31478
41 0 truck 449 159 107 85 25.0665 14.1662 -1.16067
42 0 truck 466 163 105 83 22.011 11.5308 -0.89972
43 0 truck 482 165 109 83 21.5212 11.0903 -0.873028
44 0 truck 500 163 106 85 20.4027 10.1472 -0.800031
45 0 truck 518 162 101 87 20.4701 10.219 -0.825962
46 0 truck 537 145 129 119 17.8234 8.12041 -0.641829
47 0 truck 556 156 128 94 25.2042 13.9521 -1.14389
48 0 truck 578 157 116 88 22.6888 12.145 -0.847279
49 0 truck 601 157 114 85 21.3255 10.9309 -0.917973
52 0 truck 668 157 113 78 19.6641 8.62533 -0.593099
53 0 truck 686 157 119 80 19.6641 8.62533 -0.593099
54 0 truck 703 156 126 80 22.7708 10.4573 -0.657592
55 0 truck 723 154 130 83 31.3685 15.5129 -0.637295
56 0 truck 747 155 133 81 29.9138 14.6985 -0.609512
57 0 truck 770 153 136 85 29.9138 14.6985 -0.609512
58 0 truck 794 152 138 87 24.0559 11.2822 -0.634274
59 0 truck 816 150 142 88 36.5223 17.0392 -0.838043
60 0 truck 860 155 127 83 31.6246 14.8054 -0.694823
61 0 truck 868 155 143 83 31.1333 14.5844 -0.682133
62 0 truck 887 154 148 85 28.5931 13.5875 -0.834078
63 0 truck 908 153 152 88 28.6715 13.6046 -0.859293
64 0 truck 931 153 156 85 28.3494 13.4931 -0.82316
65 0 truck 955 152 155 89 28.7618 13.6639 -0.832004
66 0 truck 975 154 157 88 28.7326 13.65 -0.843583
67 0 truck 994 156 162 89 30.3464 13.898 -0.866045
68 0 truck 1012 156 166 91 31.3752 14.0575 -0.928467
69 0 truck 1024 158 165 86 30.8976 13.8953 -0.88166
70 0 truck 1040 158 153 84 29.4621 13.6627 -0.748317
71 0 truck 1053 157 145 87 30.1162 13.7782 -0.835394
72 0 truck 1067 157 137 83 30.3929 14.0015 -0.754671
73 0 truck 1074 158 134 83 30.5027 14.0907 -0.72443
74 0 truck 1083 159 123 81 42.1518 16.1935 -1.21134
75 0 truck 1090 158 118 84 42.1518 16.1935 -1.21134
76 0 truck 1097 161 106 76 39.9505 15.8535 -1.07778
77 0 truck 1100 164 89 84 39.9697 15.8902 -1.19577
78 0 truck 1104 168 80 69 43.4776 15.6711 -0.895956
81 0 truck 1103 161 138 91 42.684 14.8997 -0.583611
82 0 truck 1096 159 140 99 42.684 14.8997 -0.583611
83 0 truck 1093 167 138 80 42.4179 14.8472 -0.523581
84 0 truck 1085 155 152 105 41.28 14.8389 -0.645435
85 0 truck 1070 157 171 139 39.052 14.7606 -1.33072
86 0 truck 1070 157 171 139 39.052 14.7606 -1.33072
88 0 truck 1046 156 190 129 39.4304 14.6952 -0.538867
89 0 truck 1046 156 190 129 39.5402 14.4852 -0.519283
90 0 truck 1008 151 233 179 38.7492 14.8742 -1.10659
91 0 truck 1015 149 226 198 38.7749 14.8253 -1.1513
92 0 truck 1005 141 236 232 38.6664 14.745 -1.17868
93 0 truck 1017 150 224 212 38.6314 14.77 -1.01378
94 0 truck 1008 138 233 210 39.1872 14.6119 -0.570552
95 0 truck 1021 151 220 215 39.5397 14.5341 -0.259948
96 0 truck 978 141 262 199 39.7348 14.4761 -0.275709
97 0 truck 999 129 234 225 39.5102 14.4741 -0.112428
98 0 truck 962 141 275 230 39.7613 14.4138 -0.498898
99 0 truck 980 133 255 241 40.1153 14.3399 -0.528039
100 0 truck 966 144 275 230 40.1811 14.3649 -0.621285
101 0 truck 951 141 290 233 40.503 14.2478 -0.583314
102 0 truck 966 138 273 236 39.9781 14.4545 -0.496677
103 0 truck 951 138 290 236 39.622 14.5287 -0.458858
104 0 truck 959 141 280 227 40.1073 14.5151 -0.563551
105 0 truck 961 134 279 238 40.6412 14.3611 -0.516175
106 0 truck 955 132 286 242 40.4308 14.6727 -0.53013
107 0 truck 967 130 270 244 41.6818 14.2027 -0.540913
108 0 truck 967 123 274 251 41.8802 14.468 -0.600417
109 0 truck 982 117 254 257 41.9614 14.4862 -0.642743
110 0 truck 1002 105 234 269 43.1734 13.9055 -1.06748
111 0 truck 1032 91 209 283 43.7104 13.3533 -0.382177
140 0 truck 951 185 287 184 58.3764 7.51139 -0.969563
150 0 truck 984 245 249 129 64.1062 6.04601 -1.19196
