12 1 person 789 169 101 159 9.43905 -0.806333 -0.92768
13 1 person 793 167 86 171 8.17303 -0.625607 -0.775845
14 1 person 795 166 81 165 8.31976 -0.694396 -0.783471
15 1 person 789 168 70 162 8.27349 -0.631455 -0.82043
16 1 person 785 171 74 155 8.27349 -0.631455 -0.82043
17 1 person 783 178 74 150 11.6099 0.0556598 -1.08453
19 1 person 769 190 73 146 11.6398 0.0731116 -1.12415
23 1 person 741 186 70 149 10.1928 0.133869 -0.833031
24 1 person 731 181 64 157 11.6398 0.0731116 -1.12415
25 1 person 722 180 61 153 9.08955 0.346838 -0.689586
26 1 person 712 172 63 146 9.87347 0.604497 -0.719036
27 1 person 700 176 66 132 15.1931 2.46595 -1.25423
28 1 person 692 168 62 140 15.1931 2.46595 -1.25423
29 1 person 681 174 60 131 12.1283 2.11023 -0.79916
30 1 person 671 172 61 136 11.5284 2.03419 -0.718908
31 1 person 660 171 61 136 10.6349 1.9192 -0.538463
32 1 person 649 177 63 136 11.1588 1.95764 -0.64789
33 1 person 639 175 63 138 14.8626 3.68618 -0.733183
34 1 person 632 172 53 140 13.8369 3.46281 -0.58868
35 1 person 623 166 53 144 14.7478 3.82188 -0.64122
36 1 person 615 164 50 146 14.3101 3.67105 -0.704325
37 1 person 607 166 50 144 13.8335 3.54281 -0.650863
40 1 person 593 169 50 142 10.3852 2.72703 -0.26789
41 1 person 588 166 47 149 13.1781 4.23469 -0.594573
42 1 person 589 170 45 141 11.1118 3.10522 -0.321964
43 1 person 593 173 48 136 11.1118 3.10522 -0.321964
44 1 person 593 175 46 141 11.6865 3.43775 -0.368609
45 1 person 594 174 47 140 12.1586 3.69913 -0.412366
50 1 person 626 174 46 137 18.5582 8.70682 -0.718679
51 1 person 636 168 43 150 18.6261 8.78931 -0.50583
52 1 person 646 176 48 124 17.1909 7.68269 -0.463925
53 1 person 658 169 38 149 19.0552 9.14316 -0.520948
54 1 person 671 172 36 135 18.8821 8.99957 -0.514293
55 1 person 686 177 28 126 23.1241 12.2118 -0.913209
