1 0 truck 283 154 175 120 11.6354 3.69006 -0.761277
3 0 truck 280 141 172 119 11.6354 3.69006 -0.761277
5 0 truck 277 140 171 113 10.3485 3.66776 -0.549492
6 0 truck 276 140 172 111 15.1579 6.03881 -0.617215
7 0 truck 277 144 171 112 15.1579 6.03881 -0.617215
8 0 truck 278 149 164 111 14.9895 5.92175 -0.608019
9 0 truck 279 151 159 109 12.8421 4.88264 -0.506417
10 0 truck 278 156 153 107 12.6709 4.83743 -0.492889
11 0 truck 278 158 149 105 16.3275 7.14118 -0.956754
12 0 truck 277 160 146 103 16.3275 7.14118 -0.956754
13 0 truck 277 158 146 104 17.4241 7.64991 -0.798121
14 0 truck 277 152 149 104 16.553 7.31363 -0.884852
15 0 truck 276 150 149 102 16.3042 7.23754 -0.763202
16 0 truck 272 147 152 103 15.5894 7.03955 -0.671837
17 0 truck 271 147 153 102 17.9903 8.44654 -0.84599
18 0 truck 274 155 155 104 17.9903 8.44654 -0.84599
19 0 truck 274 155 155 104 17.9903 8.44654 -0.84599
20 0 truck 281 171 144 101 17.9903 8.44655 -0.84599
21 0 truck 295 171 167 107 15.2941 6.87056 -0.694461
22 0 truck 294 173 148 102 15.6478 7.29951 -0.745866
23 0 truck 292 171 138 98 15.5372 7.26477 -0.734723
24 0 truck 290 169 130 94 15.6442 7.5709 -0.745459
25 0 truck 292 168 125 92 15.8011 7.71352 -0.7297
26 0 truck 299 162 121 94 21.5787 11.9064 -1.14662
27 0 truck 306 155 118 95 21.5787 11.9064 -1.14662
28 0 truck 315 151 111 94 21.5787 11.9064 -1.14662
29 0 truck 315 151 111 94 21.5787 11.9064 -1.14662
30 0 truck 329 157 99 90 21.5787 11.9064 -1.14662
31 0 truck 336 156 97 86 21.5787 11.9064 -1.14662
32 0 truck 341 155 97 86 21.3933 11.9033 -1.07319
33 0 truck 348 155 96 86 21.0533 11.8961 -1.02583
34 0 truck 356 155 94 85 20.9633 11.871 -0.980406
35 0 truck 364 152 104 91 21.2857 11.7927 -1.09602
36 0 truck 373 151 105 90 21.1187 11.8165 -1.10251
37 0 truck 373 151 105 90 24.3583 14.1143 -1.21087
38 0 truck 373 151 105 90 24.2231 14.3398 -1.03109
39 0 truck 411 149 114 94 25.9224 15.2353 -0.87313
40 0 truck 429 153 110 87 24.4504 14.1137 -1.17945
41 0 truck 447 152 115 90 24.8988 14.1847 -1.0446
42 0 truck 447 152 115 90 24.8022 14.1897 -1.05757
43 0 truck 475 158 122 92 21.662 11.2208 -0.753506
44 0 truck 496 159 122 92 21.3324 10.7651 -0.739568
45 0 truck 514 156 129 93 27.0792 15.6028 -1.10356
46 0 truck 514 156 129 93 27.0792 15.6028 -1.10356
47 0 truck 555 151 142 93 23.8125 11.9573 -0.733971
48 0 truck 555 151 142 93 22.1111 10.81 -0.730656
49 0 truck 589 150 143 91 19.9803 9.0502 -0.722397
50 0 truck 589 150 143 91 20.588 9.48146 -0.760806
51 0 truck 589 150 143 91 18.632 8.12691 -0.616352
52 0 truck 655 149 147 88 17.0168 7.17095 -0.437298
53 0 truck 655 149 147 88 18.7964 8.24469 -0.602084
54 0 truck 655 149 147 88 28.3106 14.5765 -0.753617
55 0 truck 655 149 147 88 23.139 12.0453 -0.55926
56 0 truck 742 150 151 86 26.022 12.85 -0.666657
57 0 truck 758 147 160 91 24.3998 11.7311 -0.635632
58 0 truck 785 148 159 89 22.3636 10.542 -0.713683
61 0 truck 785 148 159 89 25.2238 12.8147 -0.623913
62 0 truck 785 148 159 89 23.139 12.0453 -0.55926
63 0 truck 785 148 159 89 23.139 12.0453 -0.55926
