12 1 person 789 169 101 159 9.43448 -0.794552 -0.955747
13 1 person 793 167 86 171 8.17672 -0.615851 -0.805601
14 1 person 795 166 81 165 8.31516 -0.68261 -0.811532
15 1 person 789 168 70 162 8.28323 -0.622886 -0.851228
16 1 person 785 171 74 155 8.28323 -0.622886 -0.851228
17 1 person 783 178 74 150 11.6142 0.0527687 -1.11713
19 1 person 769 190 73 146 11.6441 0.0702205 -1.15675
23 1 person 741 186 70 149 10.1971 0.130978 -0.865634
24 1 person 731 181 64 157 11.6441 0.0702205 -1.15675
25 1 person 722 180 61 153 9.09387 0.343946 -0.722191
28 1 person 692 168 62 140 11.5728 1.98102 -0.694247
29 1 person 681 174 60 131 10.9933 1.91548 -0.619668
30 1 person 671 172 61 136 10.9933 1.91548 -0.619668
31 1 person 660 171 61 136 11.9803 1.98705 -0.796748
32 1 person 649 177 63 136 12.6663 2.11365 -0.830619
33 1 person 639 175 63 138 11.6195 1.89823 -0.745378
34 1 person 632 172 53 140 10.9252 1.86556 -0.660832
35 1 person 623 166 53 144 10.2698 1.8232 -0.554264
36 1 person 615 164 50 146 9.8933 1.92497 -0.435283
39 1 person 593 169 54 141 13.3565 4.1795 -0.523089
40 1 person 593 169 50 142 12.8644 3.93811 -0.517145
41 1 person 588 166 47 149 12.9397 3.97561 -0.513233
42 1 person 589 170 45 141 12.2373 3.65132 -0.407298
43 1 person 593 173 48 136 12.1154 3.57107 -0.41275
44 1 person 593 175 46 141 13.2825 4.20928 -0.504078
48 1 person 611 175 46 134 16.1663 6.69388 -0.464802
49 1 person 619 172 44 145 13.1146 4.25325 -0.294003
50 1 person 626 174 46 137 13.3144 4.38365 -0.287194
51 1 person 636 168 43 150 13.3144 4.38365 -0.287194
52 1 person 646 176 48 124 13.2428 4.34166 -0.27888
53 1 person 658 169 38 149 13.2078 4.3099 -0.27443
54 1 person 671 172 36 135 22.8042 11.8353 -0.566474
