1 0 car 294 148 154 130 11.6354 3.69006 -0.761277
2 0 car 295 153 150 121 11.6354 3.69006 -0.761277
3 0 car 291 142 150 118 11.6354 3.69006 -0.761277
4 0 car 291 144 149 122 9.94581 3.2522 -0.551391
5 0 car 291 150 147 117 10.8487 3.70126 -0.602248
6 0 car 287 153 149 111 14.944 5.93589 -0.637602
7 0 car 286 154 149 111 14.944 5.93589 -0.637602
8 0 car 287 156 142 111 13.9069 4.97218 -0.81804
9 0 car 285 155 144 109 12.4187 4.66136 -0.566264
10 0 car 282 155 144 112 13.6141 5.30393 -0.548885
11 0 car 280 157 143 110 16.3085 7.13958 -0.943304
12 0 car 281 156 139 112 16.3085 7.13958 -0.943304
13 0 car 276 156 141 107 17.4051 7.64831 -0.784672
14 0 car 277 156 142 107 16.5339 7.31203 -0.871402
15 0 car 276 158 138 105 15.9445 7.0722 -0.8998
16 0 car 277 146 139 106 15.5551 7.02873 -0.659138
17 0 car 275 153 137 104 18.0002 8.32654 -0.786939
18 0 car 276 158 136 104 18.0002 8.32654 -0.786939
19 0 car 278 162 133 106 18.0125 8.46465 -0.824124
20 0 car 280 169 129 103 18.0125 8.46465 -0.824124
21 0 car 284 175 127 98 16.0668 7.56657 -0.724632
22 0 car 289 173 121 97 15.7733 7.57319 -0.773946
23 0 car 294 171 117 97 15.7733 7.57319 -0.773946
24 0 car 297 172 113 94 15.647 7.57507 -0.723339
25 0 car 304 171 107 94 15.9442 7.77931 -0.719292
