1 0 car 685 188 109 99 11.0015 -2.01933 -0.698187
2 0 car 685 188 109 99 11.0015 -2.01933 -0.698187
3 0 car 685 188 109 99 11.0015 -2.01933 -0.698187
5 0 car 689 184 126 75 11.0879 -1.97678 -0.474545
6 0 car 701 194 109 54 11.0879 -1.97678 -0.474545
7 0 car 696 188 123 84 11.0398 -1.97053 -0.673308
8 0 car 706 194 108 72 11.0398 -1.97053 -0.673308
9 0 car 710 195 105 54 11.0879 -1.97678 -0.474545
10 0 car 696 190 135 83 11.0398 -1.97053 -0.673308
11 0 car 711 194 113 76 13.4777 -2.23494 -0.535967
12 0 car 714 195 108 55 13.6057 -2.2465 -0.443222
13 0 car 703 190 130 84 13.7297 -2.16678 -0.645801
14 0 car 716 193 111 82 13.4777 -2.23494 -0.535967
15 0 car 716 193 113 91 13.4777 -2.23494 -0.535967
16 0 car 716 190 114 99 13.4777 -2.23494 -0.535967
17 0 car 719 188 112 101 13.4777 -2.23494 -0.535967
18 0 car 719 190 112 94 13.5774 -2.15466 -0.51716
19 0 car 719 191 113 95 13.4777 -2.23494 -0.535967
20 0 car 720 190 111 95 13.5774 -2.15466 -0.51716
21 0 car 720 190 111 93 13.4777 -2.23494 -0.535967
22 0 car 719 189 112 96 13.4777 -2.23494 -0.535967
23 0 car 719 187 112 96 13.4777 -2.23494 -0.535967
24 0 car 718 187 114 94 13.4777 -2.23494 -0.535967
25 0 car 719 188 111 93 13.4777 -2.23494 -0.535967
26 0 car 718 188 110 90 13.4777 -2.23494 -0.535967
27 0 car 717 189 110 89 13.4777 -2.23494 -0.535967
28 0 car 716 189 111 89 13.4777 -2.23494 -0.535967
29 0 car 713 188 112 87 13.4164 -2.21437 -0.546491
30 0 car 714 189 109 84 13.4164 -2.21437 -0.546491
31 0 car 713 188 108 86 13.4164 -2.21437 -0.546491
32 0 car 711 188 109 84 13.4164 -2.21437 -0.546491
33 0 car 710 189 105 83 13.4164 -2.21437 -0.546491
34 0 car 708 189 106 80 13.4164 -2.21437 -0.546491
35 0 car 707 190 104 78 13.4164 -2.21437 -0.546491
36 0 car 705 190 105 77 13.4164 -2.21437 -0.546491
37 0 car 705 190 102 78 13.4164 -2.21437 -0.546491
38 0 car 703 189 102 76 13.4164 -2.21437 -0.546491
39 0 car 704 189 98 75 13.4164 -2.21437 -0.546491
40 0 car 703 190 98 71 13.4164 -2.21437 -0.546491
41 0 car 704 191 96 69 13.4164 -2.21437 -0.546491
42 0 car 706 191 93 72 13.6599 -2.11225 -0.488533
43 0 car 704 191 96 75 13.6599 -2.11225 -0.488533
44 0 car 705 189 91 60 13.6599 -2.11225 -0.488533
45 0 car 703 194 94 50 13.6927 -2.05111 -0.510902
46 0 car 697 192 106 70 13.6599 -2.11225 -0.488533
47 0 car 702 189 93 55 13.6599 -2.11225 -0.488533
48 0 car 702 194 94 43 13.8995 -2.10296 -0.333723
49 0 car 697 189 103 66 13.6599 -2.11225 -0.488533
50 0 car 700 191 94 67 13.6599 -2.11225 -0.488533
51 0 car 701 193 93 64 13.6599 -2.11225 -0.488533
52 0 car 701 195 95 64 13.6599 -2.11225 -0.488533
53 0 car 701 193 90 50 19.3324 -3.01375 -0.633207
54 0 car 696 193 104 68 19.3324 -3.01375 -0.633207
55 0 car 701 192 91 55 19.3324 -3.01375 -0.633207
56 0 car 700 195 92 49 19.3324 -3.01375 -0.633207
57 0 car 697 192 98 72 19.3324 -3.01375 -0.633207
58 0 car 699 194 93 67 20.9752 -3.04857 -0.599329
59 0 car 702 193 87 52 20.9752 -3.04857 -0.599329
60 0 car 694 192 104 71 20.9752 -3.04857 -0.599329
61 0 car 698 191 95 72 20.9409 -3.02022 -0.623494
62 0 car 700 192 91 70 20.9409 -3.02022 -0.623494
63 0 car 700 190 88 59 20.9409 -3.02022 -0.623494
64 0 car 699 192 92 57 20.9409 -3.02022 -0.623494
65 0 car 701 190 91 63 20.9409 -3.02022 -0.623494
66 0 car 702 189 91 49 20.9409 -3.02022 -0.623494
67 0 car 695 188 104 67 20.9409 -3.02022 -0.623494
68 0 car 700 185 94 72 20.9409 -3.02022 -0.623494
69 0 car 701 187 91 52 20.9409 -3.02022 -0.623494
70 0 car 695 188 106 69 20.9409 -3.02022 -0.623494
71 0 car 700 187 97 71 20.9409 -3.02022 -0.623494
72 0 car 702 185 90 56 20.9409 -3.02022 -0.623494
73 0 car 699 188 98 51 20.9409 -3.02022 -0.623494
74 0 car 692 183 112 74 20.9409 -3.02022 -0.623494
75 0 car 697 185 100 68 20.9409 -3.02022 -0.623494
76 0 car 698 186 96 48 20.9409 -3.02022 -0.623494
77 0 car 692 184 110 70 20.9409 -3.02022 -0.623494
78 0 car 698 186 96 49 20.9409 -3.02022 -0.623494
79 0 car 701 189 91 41 20.9409 -3.02022 -0.623494
80 0 car 693 184 108 64 20.9409 -3.02022 -0.623494
81 0 car 698 187 94 62 29.5524 -2.70767 -0.501592
82 0 car 700 188 88 45 29.5576 -2.72064 -0.489135
83 0 car 696 185 97 67 29.5475 -2.71914 -0.513243
84 0 car 697 187 90 66 30.8013 -2.36063 -0.354171
85 0 car 697 187 89 48 30.8469 -2.33549 -0.30881
86 0 car 689 186 105 66 30.8013 -2.36063 -0.354171
87 0 car 694 186 91 65 30.8013 -2.36063 -0.354171
88 0 car 693 187 86 46 30.8469 -2.33549 -0.30881
89 0 car 686 185 101 65 30.8013 -2.36063 -0.354171
