1 0 car 296 161 158 130 11.6354 3.69006 -0.761277
2 0 car 294 153 158 130 11.6354 3.69006 -0.761277
3 0 car 288 147 158 130 11.6354 3.69006 -0.761277
4 0 car 288 145 158 130 9.70088 3.2985 -0.538432
5 0 car 286 147 158 130 9.64764 3.27075 -0.501645
6 0 car 284 147 158 130 14.8571 5.95556 -0.653026
7 0 car 284 149 158 130 14.8571 5.95556 -0.653026
8 0 car 282 149 158 130 14.8747 5.94316 -0.615623
9 0 car 278 149 158 130 13.2077 5.1348 -0.474174
10 0 car 276 151 158 130 13.0201 5.08031 -0.463445
11 0 car 276 153 158 130 18.6469 7.95833 -0.817544
12 0 car 276 151 158 130 16.2446 7.17062 -0.959932
13 0 car 276 149 158 130 17.8974 7.89268 -0.735449
14 0 car 274 149 158 130 17.0125 7.65616 -0.788366
15 0 car 272 149 158 130 16.0473 7.32899 -0.748914
16 0 car 272 145 158 130 15.7741 7.19458 -0.639608
17 0 car 272 147 158 130 17.9312 8.49996 -0.841371
18 0 car 272 153 158 130 17.9312 8.49996 -0.841371
19 0 car 272 159 158 130 17.9312 8.49996 -0.841371
20 0 car 272 163 158 130 17.9312 8.49996 -0.841371
21 0 car 274 163 158 130 16.1687 7.59939 -0.660929
22 0 car 272 157 158 130 15.5126 7.33918 -0.732323
23 0 car 276 155 158 130 15.5126 7.33918 -0.732323
24 0 car 278 155 158 130 15.5271 7.3999 -0.704111
25 0 car 278 155 158 130 15.7525 7.7717 -0.72696
26 0 car 282 147 158 130 23.4599 13.3717 -1.10497
27 0 car 286 141 158 130 23.4599 13.3717 -1.10497
28 0 car 290 141 158 130 23.4599 13.3717 -1.10497
29 0 car 296 143 158 130 23.4599 13.3717 -1.10497
30 0 car 302 145 158 130 23.1345 13.1304 -1.09391
31 0 car 306 145 158 130 21.7973 12.0148 -1.12849
32 0 car 312 145 158 130 21.4141 11.8702 -1.12286
33 0 car 322 145 158 130 21.4784 11.6555 -1.15626
34 0 car 328 145 158 130 21.4724 11.8866 -1.07856
35 0 car 338 143 158 130 21.4784 11.6555 -1.15626
36 0 car 348 139 158 130 22.2012 12.4215 -1.04356
37 0 car 360 139 158 130 26.8607 16.3765 -0.729708
38 0 car 372 141 158 130 26.8607 16.3765 -0.729708
39 0 car 384 141 158 130 26.8607 16.3765 -0.729708
40 0 car 398 143 158 130 25.1942 14.576 -0.992014
41 0 car 410 143 158 130 26.6895 15.7253 -0.78768
42 0 car 426 145 158 130 23.0377 12.6329 -0.669392
43 0 car 442 147 158 130 21.6892 11.2758 -0.628629
44 0 car 458 145 158 130 20.7922 10.6206 -0.578165
