1 1 person 758 167 125 198 5.78714 -1.43371 -0.914366
2 1 person 765 167 121 197 5.78714 -1.43371 -0.914366
3 1 person 769 164 119 185 5.78714 -1.43371 -0.914366
4 1 person 768 160 122 187 5.78714 -1.43371 -0.914366
5 1 person 773 162 119 181 2.94852 -0.61102 -0.498461
10 1 person 791 173 124 184 3.14855 0.242564 -0.00172597
11 1 person 790 174 124 188 9.55451 -0.849057 -0.941269
12 1 person 787 173 122 188 9.55451 -0.849057 -0.941269
13 1 person 787 169 116 184 8.32312 -0.67703 -0.794447
14 1 person 781 169 119 186 7.94422 -0.501892 -0.690022
15 1 person 780 169 113 177 6.46949 -0.338949 -0.458056
16 1 person 775 171 107 169 6.95184 -0.35785 -0.503417
18 1 person 767 178 109 167 11.7645 -0.0101261 -1.10499
19 1 person 761 185 112 165 11.7645 -0.0101261 -1.10499
20 1 person 751 193 113 162 10.7608 0.130308 -0.928469
21 1 person 734 189 119 169 10.7608 0.130308 -0.928469
22 1 person 721 186 122 173 10.7608 0.130308 -0.928469
23 1 person 712 184 124 172 10.7608 0.130308 -0.928469
28 1 person 688 177 108 152 15.4099 2.40653 -1.31155
30 1 person 661 178 101 144 12.0599 2.02164 -0.813152
31 1 person 641 179 100 144 12.0599 2.02164 -0.813152
42 1 person 586 175 69 92 11.1027 2.99154 -0.334494
67 1 person 586 175 69 92 34.1429 25.4789 -1.75924
68 1 person 586 175 69 92 34.1429 25.4789 -1.75924
