1 0 truck 294 148 154 130 11.6354 3.69006 -0.761277
2 0 truck 295 153 150 121 11.6354 3.69006 -0.761277
3 0 truck 291 142 150 118 11.6354 3.69006 -0.761277
4 0 truck 291 144 149 122 11.2592 3.71389 -0.668374
5 0 truck 291 150 147 117 11.6357 4.02982 -0.615981
6 0 truck 287 153 149 111 11.467 4.07331 -0.579513
7 0 truck 286 154 149 111 11.6723 4.24339 -0.557012
8 0 truck 287 156 142 111 11.4623 4.13756 -0.554556
9 0 truck 285 155 144 109 16.9417 6.66241 -0.898502
10 0 truck 282 155 144 112 16.9417 6.66241 -0.898502
11 0 truck 280 157 143 110 15.2721 5.93302 -0.894172
12 0 truck 281 156 139 112 15.2721 5.93302 -0.894172
13 0 truck 276 156 141 107 13.8724 5.50923 -0.690387
14 0 truck 277 156 142 107 13.8724 5.50923 -0.690387
15 0 truck 276 158 138 105 15.2757 6.10037 -0.864243
16 0 truck 277 146 139 106 18.6186 8.69725 -0.755811
17 0 truck 275 153 137 104 18.6186 8.69725 -0.755811
18 0 truck 276 158 136 104 17.8279 8.40781 -0.977114
19 0 truck 278 162 133 106 17.8279 8.40781 -0.977114
20 0 truck 280 169 129 103 15.8271 7.31846 -0.78405
21 0 truck 284 175 127 98 15.8417 7.43683 -0.752539
22 0 truck 289 173 121 97 15.9128 7.57231 -0.728469
23 0 truck 294 171 117 97 15.9128 7.57231 -0.728469
24 0 truck 297 172 113 94 15.9128 7.57231 -0.728469
25 0 truck 304 171 107 94 15.9128 7.57231 -0.728469
26 0 truck 310 160 103 97 16.2419 7.77408 -0.68362
27 0 truck 318 157 98 94 17.7342 9.16412 -0.77413
28 0 truck 326 157 91 96 19.2122 10.4456 -0.770751
29 0 truck 330 162 93 89 18.9558 10.3193 -0.797436
30 0 truck 336 162 89 93 19.4586 10.8207 -0.812546
31 0 truck 341 159 89 92 19.6721 11.0237 -0.823462
32 0 truck 349 157 88 94 19.4586 10.8207 -0.812546
33 0 truck 359 159 89 92 18.9558 10.3193 -0.797436
34 0 truck 364 158 97 88 19.4586 10.8207 -0.812546
35 0 truck 372 161 101 84 19.8897 11.2164 -0.813961
36 0 truck 382 158 104 85 19.8897 11.2164 -0.813961
38 0 truck 406 159 97 84 24.29 14.0142 -1.22762
39 0 truck 419 158 101 85 24.29 14.0142 -1.22762
40 0 truck 432 159 109 84 24.29 14.0142 -1.22762
41 0 truck 449 159 107 85 24.5857 14.0344 -1.12917
42 0 truck 466 163 105 83 24.6718 14.1153 -1.09574
43 0 truck 482 165 109 83 21.5521 11.2843 -0.893116
44 0 truck 500 163 106 85 21.6254 11.0354 -0.857552
45 0 truck 518 162 101 87 27.0342 15.5729 -1.13307
46 0 truck 537 145 129 119 27.0342 15.5729 -1.13307
47 0 truck 556 156 128 94 27.0342 15.5729 -1.13307
48 0 truck 578 157 116 88 21.2456 10.0213 -0.838024
49 0 truck 601 157 114 85 19.9357 9.02482 -0.752415
50 0 truck 628 142 131 87 18.9782 8.01355 -0.573313
51 0 truck 642 157 116 79 19.2197 7.80336 -0.584234
52 0 truck 668 157 113 78 19.2197 7.80336 -0.584234
53 0 truck 686 157 119 80 17.3455 7.39718 -0.450262
54 0 truck 703 156 126 80 30.0588 15.3038 -0.875774
55 0 truck 723 154 130 83 25.4696 12.5483 -0.691074
56 0 truck 747 155 133 81 25.8219 12.649 -0.710345
57 0 truck 770 153 136 85 24.8026 11.8628 -0.7004
58 0 truck 794 152 138 87 24.5447 11.6533 -0.891369
59 0 truck 816 150 142 88 24.0055 11.3305 -0.871268
60 0 truck 860 155 127 83 25.451 12.1668 -0.797843
61 0 truck 868 155 143 83 25.451 12.1668 -0.797843
62 0 truck 887 154 148 85 25.7504 12.3437 -0.816912
63 0 truck 908 153 152 88 25.7504 12.3437 -0.816912
64 0 truck 931 153 156 85 26.0136 12.4898 -0.828363
65 0 truck 955 152 155 89 25.5025 12.2128 -0.805834
66 0 truck 975 154 157 88 25.7532 12.3521 -0.816735
67 0 truck 994 156 162 89 26.4182 12.4361 -0.80514
68 0 truck 1012 156 166 91 40.7405 16.3463 -0.955294
69 0 truck 1024 158 165 86 40.6712 16.4339 -0.984955
70 0 truck 1040 158 153 84 40.6712 16.4339 -0.984955
71 0 truck 1053 157 145 87 40.6072 16.4502 -0.978218
72 0 truck 1067 157 137 83 40.464 16.188 -0.904324
73 0 truck 1074 158 134 83 43.2198 17.4549 -1.47899
74 0 truck 1083 159 123 81 43.2198 17.4549 -1.47899
75 0 truck 1090 158 118 84 43.2198 17.4549 -1.47899
76 0 truck 1097 161 106 76 42.8093 16.7396 -1.36939
77 0 truck 1100 164 89 84 42.3615 16.6334 -1.39232
78 0 truck 1104 168 80 69 43.4651 15.8044 -0.94714
81 0 truck 1103 161 138 91 42.6497 15.0171 -0.656002
82 0 truck 1096 159 140 99 42.6497 15.0171 -0.656002
83 0 truck 1093 167 138 80 42.3836 14.9646 -0.595972
84 0 truck 1085 155 152 105 41.2777 14.956 -0.719102
85 0 truck 1070 157 171 139 39.007 14.8732 -1.4015
86 0 truck 1070 157 171 139 39.007 14.8732 -1.4015
90 0 truck 1008 151 233 179 38.2557 14.8492 -1.38773
91 0 truck 1015 149 226 198 39.2053 14.6401 -1.03005
92 0 truck 1005 141 236 232 40.2481 14.3016 -0.946064
93 0 truck 1017 150 224 212 40.4991 14.1898 -0.887263
94 0 truck 1008 138 233 210 40.0427 14.3274 -0.597438
95 0 truck 1021 151 220 215 41.9753 13.6191 -0.458405
96 0 truck 978 141 262 199 40.1214 14.2744 -0.480247
97 0 truck 999 129 234 225 40.0467 14.2561 -0.508334
98 0 truck 962 141 275 230 40.0467 14.2561 -0.508334
99 0 truck 980 133 255 241 39.2041 14.5945 -0.456406
100 0 truck 966 144 275 230 40.3207 14.4413 -0.775587
101 0 truck 951 141 290 233 40.5401 14.3012 -0.703263
102 0 truck 966 138 273 236 40.0343 14.5035 -0.725189
103 0 truck 951 138 290 236 40.4534 14.4651 -0.815086
104 0 truck 959 141 280 227 40.3159 14.5244 -0.790681
105 0 truck 961 134 279 238 40.2766 14.5248 -0.690207
106 0 truck 955 132 286 242 40.4527 14.4638 -0.698321
107 0 truck 967 130 270 244 41.5896 14.0978 -0.735208
108 0 truck 967 123 274 251 41.5455 14.1863 -0.554282
109 0 truck 982 117 254 257 41.8293 14.5745 -0.695068
110 0 truck 1002 105 234 269 42.1121 14.4746 -0.741038
111 0 truck 1032 91 209 283 42.5393 14.2282 -0.616886
112 0 truck 1060 91 181 283 42.7431 14.1641 -0.676249
113 0 truck 1100 86 141 288 44.4783 12.7876 -0.185535
140 0 truck 951 185 287 184 58.3304 7.52469 -0.846714
141 0 truck 1017 188 217 179 58.4647 7.54179 -0.902826
148 0 truck 1122 199 117 175 62.1655 6.84445 -0.931769
150 0 truck 984 245 249 129 63.2659 6.64451 -1.0983
