1 1 person 737 161 193 212 13.2954 -4.75509 -0.465115
2 1 person 742 157 193 212 6.21374 -1.40596 -1.02097
3 1 person 745 153 193 212 5.78714 -1.43371 -0.914366
4 1 person 752 153 193 212 5.78714 -1.43371 -0.914366
5 1 person 755 153 193 212 2.2538 -0.439229 -0.41363
6 1 person 760 153 193 212 12.9484 -3.3887 -0.546972
7 1 person 763 155 193 212 13.0618 -2.7614 -0.689377
8 1 person 766 159 193 212 13.0618 -2.7614 -0.689377
9 1 person 767 161 193 212 9.9491 -1.4155 -0.970973
10 1 person 766 161 193 212 4.1629 0.243031 -0.219009
11 1 person 765 161 193 212 9.43711 -0.785501 -0.933753
12 1 person 764 159 193 212 9.43711 -0.785501 -0.933753
13 1 person 759 159 193 212 8.49405 -0.579311 -0.786928
14 1 person 752 157 193 212 7.23082 -0.332164 -0.580052
15 1 person 743 155 193 212 6.81565 -0.290909 -0.49178
16 1 person 736 155 193 212 6.81565 -0.290909 -0.49178
17 1 person 731 157 193 212 11.7288 0.121227 -1.06488
18 1 person 726 159 193 212 11.7288 0.121227 -1.06488
19 1 person 721 165 193 212 11.7288 0.121227 -1.06488
20 1 person 716 167 193 212 10.6732 0.208304 -0.910493
21 1 person 709 171 193 212 10.6732 0.208304 -0.910493
22 1 person 702 169 193 212 10.6732 0.208304 -0.910493
23 1 person 693 165 193 212 10.2291 0.562574 -0.736347
24 1 person 686 161 193 212 11.1991 0.680423 -0.762815
25 1 person 675 159 193 212 11.1991 0.680423 -0.762815
26 1 person 664 151 193 212 11.1991 0.680423 -0.762815
27 1 person 651 147 193 212 15.3773 2.55086 -1.29101
28 1 person 636 145 193 212 15.3773 2.55086 -1.29101
29 1 person 625 143 193 212 12.5747 2.2338 -0.868016
30 1 person 618 145 193 212 16.0908 4.05878 -0.797451
