1 0 car 282 154 177 119 11.6354 3.69006 -0.761277
2 0 car 282 154 177 119 11.6354 3.69006 -0.761277
3 0 car 280 140 171 119 11.6354 3.69006 -0.761277
4 0 car 280 140 171 119 10.4506 3.58825 -0.612632
5 0 car 274 144 176 108 10.1456 3.58782 -0.543846
6 0 car 276 143 176 110 15.5362 6.13983 -0.565138
7 0 car 279 148 169 116 15.1304 6.04447 -0.615971
8 0 car 281 151 158 112 14.7669 5.81705 -0.635471
9 0 car 282 151 154 111 12.7268 4.85733 -0.504263
10 0 car 279 157 147 109 13.3345 5.1963 -0.547951
11 0 car 278 157 148 106 16.2749 7.18421 -0.95287
12 0 car 278 158 146 105 16.2749 7.18421 -0.95287
13 0 car 278 155 148 106 17.3715 7.69294 -0.794237
14 0 car 276 148 155 104 19.0091 8.83374 -0.741369
15 0 car 273 150 152 98 15.1891 6.86266 -0.869393
16 0 car 270 147 155 105 15.53 7.07871 -0.667564
17 0 car 270 150 156 99 17.9594 8.51235 -0.844629
18 0 car 277 161 156 105 17.9471 8.37424 -0.807444
19 0 car 277 161 156 105 17.9594 8.51235 -0.844629
20 0 car 286 174 135 103 17.9594 8.51235 -0.844629
21 0 car 297 171 193 105 18.0284 8.13016 -0.803638
22 0 car 294 169 123 102 15.9633 7.61905 -0.768139
23 0 car 290 165 128 98 15.5784 7.56512 -0.778887
24 0 car 290 165 124 97 15.5915 7.62092 -0.743249
25 0 car 295 165 122 96 15.7488 7.76372 -0.727482
26 0 car 307 155 117 102 15.911 7.91487 -0.716993
27 0 car 311 148 112 102 21.4924 12.003 -1.15244
28 0 car 323 149 103 100 21.4924 12.003 -1.15244
29 0 car 323 149 103 100 23.7273 14.1686 -0.823367
30 0 car 334 157 91 97 21.4924 12.003 -1.15244
31 0 car 336 155 100 84 21.4047 12.1376 -1.04461
32 0 car 340 154 99 89 21.4047 12.1376 -1.04461
33 0 car 350 154 95 89 21.4047 12.1376 -1.04461
34 0 car 358 155 94 85 21.3413 12.1323 -1.01067
35 0 car 363 151 114 94 21.3991 12.0773 -1.12775
36 0 car 373 152 107 87 21.425 12.2587 -1.06669
37 0 car 373 152 107 87 21.6892 12.5736 -1.1427
38 0 car 373 152 107 87 28.0083 18.5568 -1.18554
39 0 car 411 151 120 90 24.7793 13.97 -1.39294
40 0 car 431 158 109 79 24.7793 13.97 -1.39294
41 0 car 449 151 120 92 24.9562 14.1734 -1.23781
42 0 car 449 151 120 92 22.3162 11.8704 -0.935212
43 0 car 472 161 127 89 21.32 10.9312 -0.956235
44 0 car 501 158 119 93 19.9803 9.8135 -0.938697
45 0 car 511 155 138 89 19.1021 9.21259 -0.809667
46 0 car 511 155 138 89 20.4064 10.3587 -0.760433
47 0 car 511 155 138 89 28.9902 18.2784 -1.19362
48 0 car 511 155 138 89 30.0665 20.259 -1.36864
49 0 car 511 155 138 89 30.0665 20.259 -1.36864
