1 2 bus 830 161 161 88 18.1475 -7.47531 -0.350227
2 2 bus 855 160 169 91 18.2485 -7.80534 -0.400748
3 2 bus 882 159 173 90 15.6924 -6.6172 -0.602591
4 2 bus 903 155 188 92 15.5642 -6.57142 -0.578617
5 2 bus 937 159 191 86 16.4164 -6.90777 -0.353813
6 2 bus 965 161 196 87 11.6895 -4.79648 -0.295567
7 2 bus 989 160 210 92 17.8727 -9.21373 -0.722131
8 2 bus 1021 161 211 93 14.1015 -6.69852 -0.476611
9 2 bus 1042 157 194 98 17.6966 -8.97034 -0.523621
10 2 bus 1071 157 170 100 13.456 -6.07237 -0.284251
11 2 bus 1093 158 148 100 13.722 -6.29847 -0.276996
12 2 bus 1103 160 136 99 13.5191 -6.12075 -0.239348
13 2 bus 1123 169 117 99 18.8998 -12.1457 -0.400653
14 2 bus 1123 169 117 99 16.2581 -9.19556 -0.253064
15 2 bus 1123 169 117 99 23.8016 -16.3828 -0.204918
