1 2 bus 805 161 154 89 14.3194 -4.77999 -0.495806
2 2 bus 805 161 154 89 14.3542 -4.69921 -0.402007
3 2 bus 805 161 154 89 15.5194 -5.44826 -0.5784
7 2 bus 821 151 338 53 24.4372 -10.0081 -0.0510419
8 2 bus 821 151 338 53 20.8503 -8.30558 0.0143031
9 2 bus 821 151 338 53 26.3379 -10.65 0.0569289
10 2 bus 821 151 338 53 21.1437 -9.00848 -0.118569
13 2 bus 1118 162 117 100 18.296 -11.6435 -0.249992
14 2 bus 1118 162 117 100 19.5876 -13.1926 -0.386831
15 2 bus 1118 162 117 100 21.5563 -14.6532 -0.285452
16 2 bus 1118 162 117 100 22.2148 -16.2987 -0.311793
