1 3 truck 930 147 126 54 27.3713 -14.5087 0.0505471
2 3 truck 866 140 180 88 20.7374 -9.96597 -0.153618
3 3 truck 886 138 172 101 15.5449 -6.85703 -0.553619
4 3 truck 899 140 187 107 15.5343 -6.50199 -0.550111
5 3 truck 941 158 180 88 16.369 -7.01576 -0.293091
6 3 truck 964 157 196 94 11.7687 -4.79591 -0.289961
7 3 truck 995 159 199 97 17.9282 -9.2059 -0.730423
8 3 truck 1018 164 216 90 14.1484 -6.68474 -0.48512
9 3 truck 1037 162 204 92 17.806 -8.96458 -0.590835
10 3 truck 1069 160 169 97 10.3069 -3.53463 -0.176867
11 3 truck 1092 160 149 101 10.8523 -3.95871 -0.173862
12 3 truck 1108 167 133 102 18.3286 -11.6398 -0.278489
13 3 truck 1122 170 119 96 18.3286 -11.6398 -0.278489
14 3 truck 1133 176 108 89 19.5067 -13.1754 -0.406044
15 3 truck 1138 178 103 87 21.6126 -14.6623 -0.318943
18 3 truck 1132 180 109 86 20.3658 -17.8096 -0.384316
22 3 truck 1095 180 124 79 19.8677 -22.8623 0.0670217
23 3 truck 1078 182 119 77 19.8677 -22.8623 0.0670217
