12 1 person 789 169 101 159 9.38824 -0.809677 -0.952196
13 1 person 793 167 86 171 8.12558 -0.629791 -0.800885
14 1 person 795 166 81 165 8.2677 -0.697599 -0.807874
15 1 person 789 168 70 162 8.22197 -0.634717 -0.844753
16 1 person 785 171 74 155 8.22197 -0.634717 -0.844753
17 1 person 783 178 74 150 11.591 0.0480833 -1.10642
19 1 person 769 190 73 146 11.6209 0.0655351 -1.14603
23 1 person 741 186 70 149 10.173 0.126357 -0.854741
24 1 person 731 181 64 157 11.6209 0.0655351 -1.14603
25 1 person 722 180 61 153 9.06745 0.339649 -0.710787
26 1 person 712 172 63 146 9.85166 0.597272 -0.740299
27 1 person 700 176 66 132 15.3053 2.55029 -1.26698
28 1 person 692 168 62 140 15.3053 2.55029 -1.26698
29 1 person 681 174 60 131 12.2405 2.19457 -0.811895
30 1 person 671 172 61 136 11.6237 2.11589 -0.730209
31 1 person 660 171 61 136 10.7258 2.00024 -0.549402
32 1 person 649 177 63 136 11.2521 2.03905 -0.65903
33 1 person 639 175 63 138 14.9635 3.76876 -0.744967
34 1 person 632 172 53 140 13.9528 3.54991 -0.600953
35 1 person 623 166 53 144 14.8622 3.90682 -0.65333
36 1 person 615 164 50 146 14.4182 3.75504 -0.715847
37 1 person 607 166 50 144 13.9052 3.61257 -0.660318
40 1 person 593 169 50 142 10.0762 2.58616 -0.219925
41 1 person 588 166 47 149 13.0218 4.1647 -0.56026
42 1 person 589 170 45 141 11.1631 3.13718 -0.304812
43 1 person 593 173 48 136 11.2875 3.20794 -0.313427
44 1 person 593 175 46 141 12.0535 3.62451 -0.405915
45 1 person 594 174 47 140 12.3802 3.82594 -0.409136
46 1 person 604 169 39 143 16.5879 6.88105 -0.704639
47 1 person 607 179 43 123 21.163 9.9872 -1.34318
48 1 person 611 175 46 134 19.6928 8.9464 -1.13701
49 1 person 619 172 44 145 21.163 9.9872 -1.34318
50 1 person 626 174 46 137 22.4468 11.3759 -1.30554
51 1 person 636 168 43 150 21.8403 10.9101 -1.23151
52 1 person 646 176 48 124 20.2295 9.77262 -0.941441
53 1 person 658 169 38 149 18.2597 7.96407 -0.892387
54 1 person 671 172 36 135 17.2759 7.24931 -0.698478
55 1 person 686 177 28 126 23.3363 12.3045 -0.900614
