1 2 bus 829 161 160 88 18.1475 -7.47531 -0.350227
2 2 bus 854 160 168 91 14.3762 -4.95475 -0.502021
3 2 bus 882 158 172 92 15.7261 -6.60873 -0.597877
4 2 bus 907 154 183 97 15.5979 -6.56296 -0.573903
5 2 bus 937 155 185 94 16.4314 -6.85328 -0.416273
6 2 bus 967 156 190 94 11.7262 -4.78453 -0.289873
7 2 bus 996 156 197 95 17.8882 -9.19362 -0.72201
8 2 bus 1026 161 202 94 13.5022 -6.51252 -0.376124
9 2 bus 1048 157 193 93 17.8075 -8.98741 -0.520662
10 2 bus 1066 158 175 92 10.6752 -3.74442 -0.170972
11 2 bus 1088 161 153 91 11.0017 -4.03576 -0.16292
12 2 bus 1105 167 136 89 18.4193 -11.6572 -0.263212
13 2 bus 1121 174 120 86 18.4193 -11.6572 -0.263212
14 2 bus 1121 174 120 86 18.4193 -11.6572 -0.263212
15 2 bus 1121 174 120 86 24.5466 -18.4091 -0.15627
