1 2 bus 830 161 161 88 18.1475 -7.47531 -0.350227
2 2 bus 855 160 169 91 18.2485 -7.80534 -0.400748
3 2 bus 882 159 173 90 15.7314 -6.60368 -0.607484
4 2 bus 903 155 188 92 15.604 -6.57032 -0.565687
5 2 bus 937 159 191 86 16.4632 -6.89203 -0.356416
6 2 bus 965 161 196 87 11.7364 -4.78075 -0.298171
7 2 bus 989 160 210 92 17.902 -9.19168 -0.730382
8 2 bus 1021 161 211 93 14.0664 -6.63261 -0.481288
9 2 bus 1042 157 194 98 17.7018 -8.96768 -0.535044
10 2 bus 1071 157 170 100 8.4247 -2.0274 -0.0995365
11 2 bus 1093 158 148 100 9.0844 -2.53193 -0.0986904
12 2 bus 1103 160 136 99 18.3023 -11.6337 -0.276113
13 2 bus 1123 169 117 99 18.3023 -11.6337 -0.276113
14 2 bus 1123 169 117 99 19.6255 -13.1997 -0.419734
15 2 bus 1123 169 117 99 21.5943 -14.6602 -0.318355
