1 1 person 760 166 120 199 5.78714 -1.43371 -0.914366
2 1 person 766 164 122 204 5.78714 -1.43371 -0.914366
3 1 person 767 165 123 179 5.78714 -1.43371 -0.914366
4 1 person 765 159 127 190 5.78714 -1.43371 -0.914366
5 1 person 774 165 119 178 2.96846 -0.615892 -0.501897
10 1 person 789 174 125 186 3.02084 0.286551 -0.0124591
11 1 person 788 170 121 194 9.48219 -0.826628 -0.946954
12 1 person 784 170 120 190 9.48219 -0.826628 -0.946954
13 1 person 789 162 107 187 8.21618 -0.645904 -0.79512
14 1 person 777 171 124 186 7.26072 -0.368461 -0.592105
15 1 person 780 169 108 172 6.37909 -0.312821 -0.461269
16 1 person 773 172 105 165 7.98175 -0.528905 -0.703605
18 1 person 762 184 114 167 11.7099 0.0918098 -1.08632
19 1 person 757 191 121 159 11.7099 0.0918098 -1.08632
20 1 person 746 199 118 157 10.6543 0.178887 -0.931936
21 1 person 726 184 124 173 10.6543 0.178887 -0.931936
22 1 person 718 182 125 174 10.6543 0.178887 -0.931936
23 1 person 712 184 127 166 10.6543 0.178887 -0.931936
28 1 person 679 173 92 135 11.8719 1.94441 -0.696081
30 1 person 654 180 98 146 11.4017 1.89423 -0.635801
31 1 person 640 179 101 151 11.4017 1.89423 -0.635801
