1 0 car 294 148 154 130 11.6354 3.69006 -0.761277
2 0 car 295 153 150 121 11.6354 3.69006 -0.761277
3 0 car 291 142 150 118 11.6354 3.69006 -0.761277
4 0 car 291 144 149 122 9.92583 3.24499 -0.548708
5 0 car 291 150 147 117 10.7158 3.65409 -0.588704
6 0 car 287 153 149 111 14.9512 5.94126 -0.637847
7 0 car 286 154 149 111 14.9512 5.94126 -0.637847
8 0 car 287 156 142 111 13.9141 4.97754 -0.818285
9 0 car 285 155 144 109 12.7715 4.87223 -0.498805
10 0 car 282 155 144 112 13.4122 5.22953 -0.543669
11 0 car 280 157 143 110 16.3375 7.15708 -0.945452
12 0 car 281 156 139 112 16.3375 7.15708 -0.945452
13 0 car 276 156 141 107 17.4341 7.66581 -0.78682
14 0 car 277 156 142 107 16.5629 7.32953 -0.87355
15 0 car 276 158 138 105 15.9756 7.09103 -0.902029
16 0 car 277 146 139 106 15.6101 7.06154 -0.661987
17 0 car 275 153 137 104 17.9983 8.33955 -0.797326
18 0 car 276 158 136 104 17.9983 8.33955 -0.797326
19 0 car 278 162 133 106 18.0106 8.47766 -0.834511
20 0 car 280 169 129 103 18.0106 8.47766 -0.834511
21 0 car 284 175 127 98 16.0681 7.58125 -0.734971
22 0 car 289 173 121 97 15.7638 7.58026 -0.783469
23 0 car 294 171 117 97 15.7638 7.58026 -0.783469
24 0 car 297 172 113 94 15.6477 7.58944 -0.733127
25 0 car 304 171 107 94 15.932 7.78426 -0.728913
26 0 car 310 160 103 97 21.6287 11.9343 -1.12364
27 0 car 318 157 98 94 21.6287 11.9343 -1.12364
28 0 car 326 157 91 96 21.6287 11.9343 -1.12364
29 0 car 330 162 93 89 21.6287 11.9343 -1.12364
30 0 car 336 162 89 93 21.6287 11.9343 -1.12364
31 0 car 341 159 89 92 21.6287 11.9343 -1.12364
32 0 car 349 157 88 94 21.4722 11.8504 -1.12183
33 0 car 359 159 89 92 21.3441 11.661 -1.04971
34 0 car 364 158 97 88 21.365 11.8443 -1.07401
35 0 car 372 161 101 84 21.365 11.8443 -1.07401
36 0 car 382 158 104 85 21.365 11.8443 -1.07401
