36 0 bus 374 152 107 87 21.2756 11.833 -1.09484
37 0 bus 385 156 101 87 24.405 14.1628 -1.15489
38 0 bus 385 156 101 87 24.0409 14.203 -1.08956
39 0 bus 411 151 119 90 24.405 14.1628 -1.15489
40 0 bus 428 155 112 83 24.405 14.1628 -1.15489
41 0 bus 447 153 118 88 24.8994 14.2144 -1.02776
42 0 bus 447 153 118 88 25.4864 14.7979 -0.845572
43 0 bus 474 159 124 91 21.5929 11.2686 -0.732045
44 0 bus 496 159 123 92 21.2514 10.8033 -0.717004
45 0 bus 513 156 129 92 26.9431 15.624 -1.08548
46 0 bus 513 156 129 92 26.9431 15.624 -1.08548
47 0 bus 555 151 143 93 23.6764 11.9785 -0.715892
48 0 bus 555 151 143 93 21.9687 10.8245 -0.709907
49 0 bus 589 150 144 90 19.8993 9.10586 -0.705827
50 0 bus 589 150 144 90 20.4381 9.48876 -0.7395
51 0 bus 589 150 144 90 18.245 7.93223 -0.586116
52 0 bus 655 149 147 88 16.7035 7.05219 -0.416877
53 0 bus 655 149 147 88 18.3587 8.01512 -0.573585
54 0 bus 655 149 147 88 27.9657 14.3421 -0.740292
55 0 bus 655 149 147 88 22.7942 11.811 -0.545935
56 0 bus 742 150 151 86 25.6575 12.6069 -0.651559
57 0 bus 758 147 160 91 23.8599 11.3896 -0.616153
58 0 bus 785 148 159 89 21.8363 10.2076 -0.69369
59 0 bus 785 148 159 89 25.2462 12.2357 -0.804126
60 0 bus 785 148 159 89 24.6323 12.0378 -0.781503
61 0 bus 785 148 159 89 24.8491 12.5607 -0.607314
62 0 bus 785 148 159 89 22.7942 11.811 -0.545935
63 0 bus 785 148 159 89 22.7942 11.811 -0.545935
