2 1 person 785 158 88 197 5.76009 -1.69362 -0.739708
3 1 person 784 158 87 164 5.76009 -1.69362 -0.739708
4 1 person 792 158 75 173 5.82585 -1.67139 -0.753491
5 1 person 795 160 68 165 2.67665 -0.736632 -0.25551
6 1 person 803 163 70 166 0.681538 -0.127134 0.100352
7 1 person 794 159 90 186 7.93494 -1.25703 -0.72137
8 1 person 806 163 69 192 7.86154 -1.21594 -0.686901
9 1 person 806 169 66 187 8.05682 -0.63175 -0.827784
10 1 person 797 171 87 191 7.92336 -1.02398 -0.737505
11 1 person 804 166 71 193 5.49013 -0.057655 -0.447062
12 1 person 800 171 78 162 9.77624 -0.656796 -0.818886
13 1 person 793 163 73 180 9.77624 -0.656796 -0.818886
14 1 person 794 165 71 167 9.75355 -0.635853 -0.847249
15 1 person 794 168 68 161 4.19625 0.342469 -0.151238
16 1 person 782 169 69 158 3.98996 0.394223 -0.0952321
17 1 person 782 175 67 150 3.65314 0.459917 -0.0495348
18 1 person 772 183 66 150 3.98996 0.394223 -0.0952321
19 1 person 768 189 72 150 4.19625 0.342469 -0.151238
20 1 person 759 191 71 157 13.0073 0.735509 -0.811778
21 1 person 757 187 70 155 12.9643 0.686556 -0.806883
22 1 person 745 185 71 157 13.0073 0.735509 -0.811778
23 1 person 740 189 76 146 8.86054 0.816328 -0.374914
24 1 person 734 182 63 155 8.62783 0.849202 -0.380684
25 1 person 726 183 56 151 12.7999 1.56429 -0.4098
26 1 person 714 178 60 139 13.7118 1.69742 -0.453312
27 1 person 702 180 65 130 9.03584 1.07652 -0.356486
28 1 person 691 168 64 142 13.8224 1.92682 -0.398522
29 1 person 682 172 57 132 14.3253 1.9391 -0.465766
30 1 person 671 172 59 135 9.07771 1.10596 -0.429098
31 1 person 659 173 60 133 8.74811 1.07436 -0.401403
32 1 person 648 180 62 131 11.1418 1.42554 -0.396825
33 1 person 640 178 61 136 8.71604 1.01262 -0.399409
34 1 person 628 166 50 148 17.4225 4.91332 -1.42777
35 1 person 625 169 55 139 17.4798 4.86913 -1.32924
36 1 person 615 166 53 141 13.8448 3.69999 -0.855803
37 1 person 607 162 51 148 13.1827 3.4831 -0.767758
38 1 person 604 173 53 131 12.2717 3.19022 -0.584433
39 1 person 594 169 53 142 12.0939 3.13254 -0.604431
40 1 person 593 169 50 142 12.1337 3.16359 -0.596212
41 1 person 588 166 47 149 13.7063 3.98484 -0.76774
42 1 person 589 170 45 141 12.7538 3.55485 -0.59533
43 1 person 593 173 48 136 13.0548 3.66696 -0.593412
44 1 person 593 175 46 141 20.0668 8.56717 -1.20264
45 1 person 594 174 47 140 20.0825 8.40533 -1.27542
46 1 person 604 169 39 143 18.8646 8.21889 -0.698606
47 1 person 607 179 43 123 19.6506 9.21311 -0.667259
48 1 person 611 175 46 134 17.6622 7.68436 -0.641824
49 1 person 619 172 44 145 18.0825 7.86849 -0.690822
50 1 person 626 174 46 137 18.3122 8.0693 -0.770707
51 1 person 636 168 43 150 19.2598 8.86721 -0.753242
53 1 person 658 173 36 151 22.6541 11.809 -1.3721
