109 5 car 875 189 103 53 46.1016 13.0739 -0.943998
110 5 car 864 190 99 51 46.1016 13.0739 -0.943998
111 5 car 854 190 107 52 58.2194 7.4515 -1.35764
112 5 car 840 189 103 54 51.5331 10.8147 -1.05041
113 5 car 833 186 106 58 54.5449 9.09277 -1.10814
114 5 car 819 188 104 56 50.848 11.0008 -0.843336
115 5 car 814 187 106 61 57.4773 6.9896 -0.868065
116 5 car 808 189 106 60 57.4233 7.00325 -0.92536
117 5 car 794 191 107 66 56.9047 7.40232 -0.98622
118 5 car 788 190 110 69 57.4773 6.9896 -0.868065
119 5 car 782 190 113 70 57.4773 6.9896 -0.868065
120 5 car 776 190 111 72 57.7711 7.21381 -1.11207
121 5 car 767 192 115 72 57.7711 7.21381 -1.11207
122 5 car 758 192 119 77 57.7711 7.21381 -1.11207
123 5 car 749 190 121 83 57.7711 7.21381 -1.11207
124 5 car 737 191 121 84 57.6748 7.44013 -1.22437
125 5 car 729 192 124 87 57.7412 7.56648 -1.36794
126 5 car 722 191 115 89 57.5086 7.5487 -1.23343
127 5 car 716 191 133 92 57.4256 7.77728 -1.29602
128 5 car 711 189 136 101 57.5583 7.69159 -1.17445
129 5 car 710 189 141 106 57.5583 7.69159 -1.17445
131 5 car 713 183 179 129 57.7022 7.49358 -0.960472
132 5 car 721 188 165 129 57.7506 7.4195 -0.939877
133 5 car 731 187 165 135 57.485 7.52709 -1.08379
134 5 car 746 190 176 126 57.6128 7.52788 -0.942576
135 5 car 771 193 181 153 57.4065 7.71073 -1.12034
136 5 car 788 186 217 184 57.4823 7.60522 -0.984274
137 5 car 825 187 228 177 57.2839 7.46718 -0.822302
138 5 car 854 184 271 189 57.5815 7.32066 -0.867619
139 5 car 901 182 329 190 57.9713 6.53767 -0.755275
140 5 car 962 194 275 171 57.7383 7.63686 -0.766827
141 5 car 1022 191 211 174 58.0384 7.59423 -0.712687
142 5 car 1088 168 145 195 59.1749 6.06121 -0.544446
