2 0 car 857 204 366 170 5.12944 -2.85727 -0.239313
4 0 car 820 205 421 169 6.05842 -2.64255 -0.853518
5 0 car 829 203 407 171 6.05842 -2.64255 -0.853518
6 0 car 804 199 437 175 6.95311 -2.51622 -0.856604
7 0 car 792 201 449 173 6.78475 -2.99618 -0.747639
8 0 car 789 200 417 174 6.40807 -2.95814 -0.794949
9 0 car 802 202 343 164 6.00203 -3.04382 -0.791337
10 0 car 791 185 325 178 6.61438 -3.02953 -0.770869
11 0 car 782 191 310 148 6.5405 -2.98234 -0.766125
12 0 car 775 194 293 148 6.01668 -3.03102 -0.723086
13 0 car 778 191 269 144 5.98971 -3.2123 -0.826125
14 0 car 770 189 259 133 6.29258 -3.35537 -0.714487
15 0 car 766 189 244 134 6.77127 -3.2166 -0.60137
16 0 car 765 190 231 128 7.21471 -3.2733 -0.926748
17 0 car 759 189 218 121 6.99929 -3.21589 -0.840139
18 0 car 754 187 207 118 7.23227 -3.15939 -0.753069
19 0 car 747 187 202 112 7.23227 -3.15939 -0.753069
20 0 car 745 186 195 109 4.89337 -2.02897 -0.510894
21 0 car 739 189 184 103 6.5895 -2.18215 -0.512943
22 0 car 728 189 174 99 3.99119 -0.767724 -0.280812
23 0 car 734 190 169 96 -0.063061 0.235629 0.0682716
24 0 car 727 188 162 92 4.21352 -1.15297 -0.333177
25 0 car 725 187 151 92 6.44308 -2.15715 -0.499384
26 0 car 722 189 146 86 -0.063061 0.235629 0.0682716
27 0 car 712 188 140 84 8.26801 -2.97147 -0.664703
28 0 car 705 189 144 83 -0.063061 0.235629 0.0682716
29 0 car 707 188 128 82 7.77632 -2.78088 -0.622757
30 0 car 704 190 122 77 6.97329 -2.3183 -0.544907
31 0 car 689 187 126 74 0.100491 0.257963 0.0750987
32 0 car 688 188 116 72 -2.57598 1.31269 0.35338
33 0 car 682 187 114 71 -1.53236 1.40279 0.383077
34 0 car 670 185 115 69 -2.73952 1.38105 0.523686
35 0 car 670 186 102 65 -4.56807 1.37548 0.659322
36 0 car 657 185 105 64 -4.51054 1.50407 0.66574
37 0 car 649 184 100 62 -5.00962 1.57779 0.730327
38 0 car 642 184 96 60 -4.43604 1.44908 0.785941
39 0 car 639 186 93 57 -0.601432 1.44097 0.702657
40 0 car 632 184 89 59 0.174522 1.54199 0.758848
41 0 car 624 185 87 55 10.917 0.40228 0.294361
42 0 car 616 183 86 56 15.9925 0.128929 0.292443
43 0 car 610 184 83 54 47.5831 -0.439791 -0.269974
44 0 car 608 185 79 52 47.5831 -0.439791 -0.269974
45 0 car 599 183 79 56 47.5831 -0.439791 -0.269974
46 0 car 599 183 79 56 48.4221 -0.345569 -0.292806
47 0 car 588 184 74 51 48.4221 -0.345569 -0.292806
48 0 car 583 184 71 53 48.4221 -0.345569 -0.292806
49 0 car 580 185 71 47 50.8381 -0.539759 -0.408814
50 0 car 573 182 71 49 50.5245 -0.447319 -0.500975
51 0 car 573 182 71 49 51.9394 -0.52722 -0.45302
61 0 car 546 175 114 67 54.722 -0.235546 -0.127238
62 0 car 581 175 101 90 54.788 -0.353192 -0.255686
63 0 car 576 179 98 83 54.742 -0.289201 -0.219637
64 0 car 571 177 98 82 54.788 -0.353192 -0.255686
65 0 car 567 179 94 79 60.4542 0.112046 -0.213956
66 0 car 565 181 88 78 60.4195 0.0484834 -0.155917
67 0 car 562 183 86 78 60.4542 0.112046 -0.213956
68 0 car 558 181 87 75 64.8217 0.578533 -0.166827
69 0 car 545 176 92 75 64.8142 0.568745 -0.213535
70 0 car 546 173 86 72 64.814 0.519845 -0.116194
74 0 car 541 177 79 68 74.2891 1.70991 -0.0267114
75 0 car 543 178 76 65 74.2891 1.70991 -0.0267114
