2 0 car 848 190 383 184 5.12944 -2.85727 -0.239313
4 0 car 821 188 410 186 6.05842 -2.64255 -0.853518
5 0 car 814 192 424 181 6.05842 -2.64255 -0.853518
6 0 car 799 193 442 178 6.97802 -2.50658 -0.859084
7 0 car 799 192 429 181 6.62673 -2.8918 -0.701927
8 0 car 804 192 394 182 6.3451 -2.98104 -0.778098
9 0 car 794 191 364 179 6.25018 -2.90226 -0.744608
10 0 car 783 190 334 181 6.45742 -2.92556 -0.746192
11 0 car 788 192 311 159 6.38352 -2.87834 -0.741442
12 0 car 783 199 293 136 5.99036 -3.04592 -0.733776
13 0 car 763 197 301 135 5.89406 -3.19151 -0.799351
14 0 car 770 191 263 128 6.20596 -3.23873 -0.719765
15 0 car 766 190 246 130 6.69672 -3.14989 -0.588966
16 0 car 764 189 227 127 7.14015 -3.20658 -0.914344
42 0 car 719 182 312 174 37.1091 1.28699 0.851565
43 0 car 702 167 288 180 46.4081 -1.87904 -0.185007
44 0 car 674 191 290 142 46.3689 -1.90616 -0.142244
