2 0 car 857 204 366 170 5.12944 -2.85727 -0.239313
4 0 car 820 205 421 169 6.05842 -2.64255 -0.853518
5 0 car 829 203 407 171 6.05842 -2.64255 -0.853518
6 0 car 804 199 437 175 6.97802 -2.50658 -0.859084
7 0 car 792 201 449 173 6.80966 -2.98655 -0.750119
8 0 car 789 200 417 174 6.88689 -2.92745 -0.801061
9 0 car 802 202 343 164 6.34213 -3.27201 -0.820441
10 0 car 791 185 325 178 6.34213 -3.27201 -0.820441
11 0 car 782 191 310 148 6.41186 -3.16147 -0.786671
12 0 car 775 194 293 148 6.36273 -3.13346 -0.823731
13 0 car 778 191 269 144 6.34887 -3.2571 -0.81513
14 0 car 770 189 259 133 6.51453 -3.45149 -0.742185
15 0 car 766 189 244 134 6.99321 -3.31272 -0.629068
16 0 car 765 190 231 128 7.43665 -3.36942 -0.954446
17 0 car 759 189 218 121 7.22123 -3.31201 -0.867837
18 0 car 754 187 207 118 7.45421 -3.25552 -0.780767
19 0 car 747 187 202 112 7.45421 -3.25552 -0.780767
20 0 car 745 186 195 109 5.11532 -2.1251 -0.538593
21 0 car 739 189 184 103 6.82392 -2.28016 -0.5412
22 0 car 728 189 174 99 4.22306 -0.864427 -0.309495
23 0 car 734 190 169 96 0.162832 0.14066 0.0396748
24 0 car 727 188 162 92 4.44386 -1.24959 -0.361708
25 0 car 725 187 151 92 6.6775 -2.25516 -0.527641
26 0 car 722 189 146 86 0.162832 0.14066 0.0396748
27 0 car 712 188 140 84 8.50356 -3.06965 -0.693011
28 0 car 705 189 144 83 0.162832 0.14066 0.0396748
29 0 car 707 188 128 82 8.01074 -2.87889 -0.651014
30 0 car 704 190 122 77 7.20884 -2.41648 -0.573214
31 0 car 689 187 126 74 0.176868 0.205008 0.059729
32 0 car 688 188 116 72 -2.56637 1.27543 0.344523
33 0 car 682 187 114 71 -1.46576 1.35306 0.369253
34 0 car 670 185 115 69 -2.98758 1.36318 0.515943
35 0 car 670 186 102 65 -5.10054 1.39032 0.666328
36 0 car 657 185 105 64 -5.01748 1.51655 0.671646
37 0 car 649 184 100 62 -5.57002 1.59674 0.738619
38 0 car 642 184 96 60 -4.80412 1.45509 0.802033
39 0 car 639 186 93 57 -0.749189 1.42079 0.709131
40 0 car 632 184 89 59 -0.124427 1.55666 0.78012
41 0 car 624 185 87 55 11.3187 0.355972 0.301747
42 0 car 616 183 86 56 16.6075 0.0711746 0.303601
43 0 car 610 184 83 54 49.1333 -0.489828 -0.227922
44 0 car 608 185 79 52 49.1333 -0.489828 -0.227922
45 0 car 599 183 79 56 49.1333 -0.489828 -0.227922
46 0 car 599 183 79 56 49.9842 -0.399013 -0.253066
47 0 car 588 184 74 51 49.9842 -0.399013 -0.253066
48 0 car 583 184 71 53 50.0356 -0.321989 -0.253342
49 0 car 580 185 71 47 50.0356 -0.321989 -0.253342
50 0 car 573 182 71 49 56.8957 -0.427029 -0.409428
51 0 car 573 182 71 49 56.8957 -0.427029 -0.409428
61 0 car 546 175 114 67 51.0542 -0.823332 -0.215045
62 0 car 581 175 101 90 55.3808 -0.708578 -0.222443
63 0 car 576 179 98 83 55.3808 -0.708578 -0.222443
64 0 car 571 177 98 82 55.3808 -0.708578 -0.222443
65 0 car 567 179 94 79 55.3808 -0.708578 -0.222443
66 0 car 565 181 88 78 55.3693 -0.74556 -0.184783
67 0 car 562 183 86 78 62.5814 0.111535 -0.273565
68 0 car 558 181 87 75 62.5814 0.111535 -0.273565
69 0 car 545 176 92 75 65.0587 0.363035 -0.188709
70 0 car 546 173 86 72 65.0587 0.363035 -0.188709
74 0 car 541 177 79 68 73.3371 1.36335 -0.0723797
75 0 car 543 178 76 65 73.3371 1.36335 -0.0723797
