2 0 car 856 205 367 169 5.12944 -2.85727 -0.239313
4 0 car 832 199 390 175 6.05842 -2.64255 -0.853518
5 0 car 822 199 410 175 6.05842 -2.64255 -0.853518
6 0 car 808 198 433 176 6.73741 -2.52446 -0.798429
7 0 car 799 197 442 177 6.80966 -2.98655 -0.750119
8 0 car 788 197 436 177 6.96283 -2.9406 -0.778284
9 0 car 785 200 396 171 6.37643 -3.29006 -0.824733
10 0 car 777 197 367 160 6.37643 -3.29006 -0.824733
11 0 car 773 196 336 155 6.44617 -3.17951 -0.790965
12 0 car 771 196 307 144 6.39703 -3.15151 -0.828024
13 0 car 770 193 278 133 6.38152 -3.27404 -0.819257
14 0 car 767 192 258 128 6.56076 -3.43129 -0.766839
15 0 car 765 193 244 124 7.05152 -3.34245 -0.636041
16 0 car 761 193 232 120 7.49496 -3.39915 -0.961419
17 0 car 757 191 221 118 7.28601 -3.34506 -0.874854
18 0 car 753 189 208 114 7.51899 -3.28856 -0.787784
19 0 car 747 189 201 110 7.51899 -3.28856 -0.787784
20 0 car 743 188 193 107 5.17892 -2.15754 -0.545602
21 0 car 734 188 184 102 6.85523 -2.3075 -0.546484
22 0 car 734 189 175 98 6.85523 -2.3075 -0.546484
23 0 car 730 190 169 95 4.48767 -1.28259 -0.367576
24 0 car 727 189 160 91 6.7125 -2.28476 -0.533035
25 0 car 723 189 154 89 6.7125 -2.28476 -0.533035
26 0 car 720 189 147 86 8.53644 -3.09924 -0.698261
27 0 car 712 189 141 83 8.53644 -3.09924 -0.698261
28 0 car 707 188 139 82 8.53644 -3.09924 -0.698261
29 0 car 702 189 134 80 8.04574 -2.90849 -0.656408
30 0 car 701 190 126 77 0.470166 0.438893 0.0820587
31 0 car 693 189 123 74 1.09915 -0.0918456 0.0409842
32 0 car 687 184 118 74 -0.121059 0.77491 0.32048
33 0 car 679 185 115 72 0.855073 0.842573 0.356705
34 0 car 671 186 112 69 -5.60217 1.75756 0.636645
35 0 car 662 184 109 66 -5.03671 1.5789 0.837783
36 0 car 655 185 104 64 -4.86351 1.44918 0.889711
37 0 car 651 184 100 61 -5.03671 1.5789 0.837783
38 0 car 644 184 96 60 -4.38047 1.72922 0.939077
39 0 car 636 184 94 58 1.16222 1.21928 0.854392
40 0 car 630 185 90 56 1.79041 1.52705 0.958268
41 0 car 622 185 87 55 14.8246 0.238209 0.405595
42 0 car 618 185 84 54 14.8661 0.317956 0.457567
43 0 car 611 184 83 54 58.3585 -0.803386 -0.0931638
44 0 car 607 185 80 52 58.3585 -0.803386 -0.0931638
45 0 car 599 185 79 53 58.3585 -0.803386 -0.0931638
46 0 car 592 185 78 52 59.2006 -0.70068 -0.13811
47 0 car 587 185 76 51 59.2006 -0.70068 -0.13811
48 0 car 581 185 74 51 59.2831 -0.622761 -0.141779
49 0 car 578 185 71 48 59.2831 -0.622761 -0.141779
50 0 car 574 183 71 48 63.4284 -1.00838 -0.367458
51 0 car 574 183 71 48 63.4284 -1.00838 -0.367458
69 0 car 541 175 84 57 70.6661 -0.060262 -0.047311
73 0 car 538 177 87 62 78.8911 1.32295 0.132122
