2 0 car 857 204 366 170 5.12944 -2.85727 -0.239313
4 0 car 820 205 421 169 6.05842 -2.64255 -0.853518
5 0 car 829 203 407 171 6.05842 -2.64255 -0.853518
6 0 car 804 199 437 175 6.97802 -2.50658 -0.859084
7 0 car 792 201 449 173 6.80966 -2.98655 -0.750119
8 0 car 789 200 417 174 6.88689 -2.92745 -0.801061
9 0 car 802 202 343 164 6.37643 -3.29006 -0.824733
10 0 car 791 185 325 178 6.37643 -3.29006 -0.824733
11 0 car 782 191 310 148 6.44617 -3.17951 -0.790965
12 0 car 775 194 293 148 6.39703 -3.15151 -0.828024
13 0 car 778 191 269 144 6.38317 -3.27514 -0.819422
14 0 car 770 189 259 133 6.5488 -3.46952 -0.746472
15 0 car 766 189 244 134 7.02749 -3.33075 -0.633355
16 0 car 765 190 231 128 7.47093 -3.38745 -0.958733
17 0 car 759 189 218 121 7.25859 -3.33166 -0.87213
18 0 car 754 187 207 118 7.49157 -3.27517 -0.78506
19 0 car 747 187 202 112 7.49157 -3.27517 -0.78506
20 0 car 745 186 195 109 5.15212 -2.14445 -0.542885
21 0 car 739 189 184 103 6.79166 -2.2893 -0.543815
22 0 car 728 189 174 99 4.24979 -0.904777 -0.316523
23 0 car 734 190 169 96 0.29091 0.0685458 0.024405
24 0 car 727 188 162 92 4.47605 -1.28897 -0.368386
25 0 car 725 187 151 92 6.64759 -2.26576 -0.530328
26 0 car 722 189 146 86 0.29091 0.0685458 0.024405
27 0 car 712 188 140 84 8.46781 -3.07957 -0.695552
28 0 car 705 189 144 83 0.29091 0.068546 0.024405
29 0 car 707 188 128 82 7.98083 -2.88949 -0.653701
31 0 car 693 188 123 75 0.719235 -0.0907522 0.0242781
36 0 car 665 129 96 127 12.8357 -0.312118 0.808851
40 0 car 631 181 93 65 0.759848 1.38974 0.715483
