2 0 car 848 190 383 184 5.12944 -2.85727 -0.239313
4 0 car 821 188 410 186 6.05842 -2.64255 -0.853518
5 0 car 814 192 424 181 6.05842 -2.64255 -0.853518
6 0 car 799 193 442 178 6.97802 -2.50658 -0.859084
7 0 car 799 192 429 181 6.62673 -2.8918 -0.701927
8 0 car 804 192 394 182 6.3451 -2.98104 -0.778098
9 0 car 794 191 364 179 6.11372 -3.05696 -0.745955
10 0 car 783 190 334 181 6.63927 -3.01989 -0.773345
11 0 car 788 192 311 159 6.654 -3.00752 -0.784367
12 0 car 783 199 293 136 6.17657 -3.1436 -0.76108
13 0 car 763 197 301 135 6.02706 -3.26658 -0.815925
14 0 car 763 197 301 135 6.33896 -3.3138 -0.736339
15 0 car 766 190 246 130 6.82971 -3.22495 -0.605541
16 0 car 766 190 246 130 7.27315 -3.28165 -0.930919
17 0 car 766 190 246 130 6.62581 -2.86672 -0.670197
18 0 car 766 190 246 130 7.29071 -3.16775 -0.757239
37 0 car 793 175 448 199 11.1287 4.66484 1.65175
38 0 car 785 175 425 199 18.4814 1.2509 1.1567
39 0 car 758 175 411 196 13.5934 3.15716 1.24227
40 0 car 748 170 362 204 12.8775 3.62223 1.29375
41 0 car 739 177 325 190 21.4428 2.10282 0.574156
42 0 car 739 177 325 190 24.2483 2.02693 0.846403
43 0 car 739 177 325 190 35.8456 -1.85426 -0.335511
44 0 car 739 177 325 190 35.8316 -1.8433 -0.330578
46 0 car 643 182 276 140 35.8937 -2.00075 -0.400514
47 0 car 664 188 209 124 35.8646 -1.96524 -0.402479
48 0 car 656 173 181 140 35.9443 -1.86099 -0.429943
49 0 car 650 174 177 135 35.9802 -1.93554 -0.466885
50 0 car 645 176 165 127 36.0262 -1.94987 -0.474666
51 0 car 630 179 159 113 39.0023 -1.87899 -0.460228
52 0 car 622 169 148 117 39.0023 -1.87899 -0.460228
53 0 car 629 172 127 110 39.0023 -1.87899 -0.460228
54 0 car 620 181 122 103 39.6655 -1.83532 -0.556304
