41.1643369510000	49.0132672795510	8.40650045948240	117.517135620120	0.0314370000000000	0.0129670000000000	2.70603532679490	1.69124286361980	-3.56875288602890	3.94907466910600	0.0338100958459070	-0.0108518175401540	-1.86913460690240	0.228113739846690	9.89506945374540	-1.73780449590650	-0.0841953277453770	9.92125280040220	-0.00180108854451350	-0.00596324673542630	-0.0261850844610540	-0.00214845756734520	-0.00513563349998620	-0.0263334522926360	0.580941477259110	0.0381837661840740	4	9	4	0	0
41.2643862410000	49.0132687810170	8.40649586281290	117.510192871090	0.0314680000000000	0.0127410000000000	2.70232032679490	1.63228703731960	-3.40430776442470	3.77523205809450	0.0374200019359870	-0.0139777856098890	-1.87174734035810	0.148897509787520	9.74841427815890	-1.74490159878850	-0.157335374822750	9.77180335392390	0.00148903437675870	-0.00567734391254510	-0.0351677621309410	0.00103093686130220	-0.00457061103966440	-0.0353447471392530	0.580941477259110	0.0381837661840740	4	9	4	0	0
41.3741403320000	49.0132703807520	8.40649103049680	117.502204895020	0.0306870000000000	0.0120610000000000	2.69748832679490	1.57277985239500	-3.24935930549970	3.60983574467380	0.0332689252987380	-0.0132056683058210	-1.31776750717450	0.225277384151520	9.82825487485160	-1.19525486717230	-0.0791663335805350	9.84626751745500	-0.00446818351352710	-0.00830641029579530	-0.0427893874519710	-0.00500225700574760	-0.00697855859904580	-0.0429667056042260	0.580941477259110	0.0381837661840740	4	9	4	5	0
41.4741670140000	49.0132717545570	8.40648674743820	117.501731872560	0.0305260000000000	0.0112420000000000	2.69191432679490	1.54641112772550	-3.16185840949360	3.51965591172780	0.0292007263205050	-0.0100911808211540	-0.794369671609490	0.0986582983532580	9.80381088383790	-0.679293111999290	-0.201931383176130	9.81102238326030	-0.00154077409078990	-0.0102709137656210	-0.0533565971120990	-0.00216755001797740	-0.00863150216035950	-0.0536238782142040	0.580941477259110	0.0381837661840740	4	9	4	0	0
41.5741633290000	49.0132730576750	8.40648253010310	117.509834289550	0.0309290000000000	0.00977500000000000	2.68653732679490	1.54924625295130	-3.10286903097230	3.46795748514750	0.0385012378215870	-0.00791676770913540	-0.502788394296760	-0.0221840335485560	9.84795224620250	-0.398810275489510	-0.324685599834100	9.84751331975920	0.00453790575503940	-0.0154527099261870	-0.0533439554244740	0.00396997550643060	-0.0138070195538120	-0.0538360875567550	0.589400542924760	0.0431393092202460	4	9	4	4	0
41.6743896730000	49.0132743658040	8.40647831629930	117.517257690430	0.0320260000000000	0.00844100000000000	2.68170732679490	1.55843936719330	-3.05960886422150	3.43334472366530	0.0481472996904350	-0.00629231157707930	-0.385201608706620	0.0817413112104500	9.80372614347130	-0.295124637259500	-0.226782365446320	9.80467570266870	0.0106901493683190	-0.0146872048769460	-0.0488872823266870	0.0102348940706790	-0.0131426415562110	-0.0494182110966780	0.589400542924760	0.0431393092202460	4	9	4	4	0
41.7841984670000	49.0132758504530	8.40647374413990	117.521591186520	0.0327550000000000	0.00765600000000000	2.67613332679490	1.55593499361400	-3.02608859710160	3.40241355780530	0.0421240731921530	-0.00719151265254540	-0.346274062699810	0.286459305373260	9.82123375678120	-0.267567656376340	-0.0322063217644440	9.82789279316270	0.00635193084962290	-0.00791287377119170	-0.0511211429476380	0.00594086448733720	-0.00625033468225700	-0.0513991339504970	0.589400542924760	0.0431393092202460	4	9	4	4	0
41.8841506570000	49.0132771710260	8.40646962867600	117.526954650880	0.0319390000000000	0.00820500000000000	2.67023732679490	1.54345842333050	-2.99302747736340	3.36744840241670	0.0272201204821530	-0.00556405900995780	-0.516534643432400	0.175976882734320	9.78440181719230	-0.438557263899980	-0.139380099558980	9.78885072267620	-0.00424562351886520	0.00231181776508920	-0.0585239608205630	-0.00471120843528480	0.00419556401173000	-0.0583846107430700	0.589400542924760	0.0431393092202460	4	9	4	4	0
41.9941889300000	49.0132786454940	8.40646519438580	117.530052185060	0.0308730000000000	0.00941300000000000	2.66305532679490	1.53185002355470	-2.93133583390870	3.30739846750730	0.0223445732903710	-0.00375655320013330	-0.723431190772670	0.114382939767930	9.83343864407390	-0.637002382582750	-0.194664850617660	9.83822536720090	-0.00898244843173840	0.00895304462583260	-0.0658563732623520	-0.00955998325037450	0.0110160410477110	-0.0654617758514850	0.589400542924760	0.0431393092202460	4	9	4	4	0
42.0941773650000	49.0132799569270	8.40646126934300	117.533950805660	0.0295480000000000	0.0110190000000000	2.65513932679490	1.51078650416330	-2.85397766897780	3.22916576638200	0.0157028065101480	-0.00101960299624690	-1.11106981362490	0.107750408785620	9.85896452243400	-1.01129527123810	-0.190527444557050	9.86867637065620	-0.0114617710917990	0.0136075698783810	-0.0780121704901520	-0.0122507547660770	0.0159567983989350	-0.0774464519230330	0.589400542924760	0.0431393092202460	4	9	4	4	0
42.1944429990000	49.0132812471450	8.40645754461080	117.537307739260	0.0287550000000000	0.0134500000000000	2.64637832679490	1.47361362246440	-2.72402898926000	3.09707485283070	0.0174766725354360	0.00649025685816040	-1.66376048893230	-0.0872773966656840	9.83707505185020	-1.54419792726020	-0.374456763679680	9.85026387658230	-0.00662902675415370	0.0203738931921490	-0.0862238729790700	-0.00767392645642400	0.0228796682502540	-0.0855114138818570	0.589400542924760	0.0431393092202460	4	9	4	4	0
42.3041769630000	49.0132826222610	8.40645370151140	117.540924072270	0.0285440000000000	0.0155190000000000	2.63676332679490	1.42268977354590	-2.54294296161940	2.91378705730570	0.0302577391990960	0.00477449493996860	-1.84559163151270	-0.0649890969863660	9.74358061431660	-1.70435728564810	-0.344482956752530	9.76356569097010	-0.00113089764167650	0.0156277940665970	-0.0879058438497500	-0.00239939732735180	0.0181424083228840	-0.0873990773770910	0.589400542924760	0.0431393092202460	4	9	4	4	0
42.4041949310000	49.0132838243600	8.40645045137270	117.543159484860	0.0287000000000000	0.0164740000000000	2.62758032679490	1.36324788294090	-2.38029107963490	2.74290498268350	0.0316569453963800	0.00317507829946810	-1.85521249053950	0.0699986122512020	9.74744391972270	-1.70059464751580	-0.209798776540620	9.77363641313310	0.00150429147000010	0.00842369884787450	-0.0924915170321470	4.04565437119150e-05	0.0110748476594940	-0.0922248649384390	0.589400542924760	0.0431393092202460	4	9	4	4	0
42.5142269560000	49.0132850036850	8.40644700719630	117.545417785640	0.0277820000000000	0.0177400000000000	2.61630432679490	1.28973669063610	-2.21723294603320	2.56500364523110	0.0194970060241720	-0.000957940308165920	-1.66517687317770	0.138954509078030	9.72585330860340	-1.49896792267090	-0.135885466504260	9.75281436862030	-0.00596178593009520	0.00883727324421110	-0.102870536598190	-0.00771571481102340	0.0117381256901540	-0.102460900431230	0.589400542924760	0.0431393092202460	4	9	4	4	0
42.6141977510000	49.0132860059640	8.40644402121780	117.546173095700	0.0268550000000000	0.0184020000000000	2.60443132679490	1.24031816270990	-2.09421159760010	2.43395844048420	0.0105814138439450	-0.00653147261618660	-1.35541041521720	-0.0440489853479980	9.71515369718920	-1.18000050971080	-0.309527226892500	9.73314874428970	-0.00564052889693200	0.00302124874748270	-0.116084521938870	-0.00773601757197110	0.00618873439237510	-0.115835809716870	0.596450333221470	0.0459673797382450	4	9	4	4	0
42.7142495490000	49.0132870064650	8.40644122633980	117.545349121090	0.0262540000000000	0.0181100000000000	2.59128332679490	1.21655147856290	-1.99121398649890	2.33347741996250	0.0133310217227540	-0.0149822559321640	-1.06894273485420	-0.0937660331177260	9.73881386011340	-0.891455143360320	-0.352618782333180	9.75072655814350	-0.00301324023448080	-0.00543630337852850	-0.130051951400950	-0.00538488350909420	-0.00198102749797890	-0.130071749833780	0.596450333221470	0.0459673797382450	4	9	4	4	0
42.8142008460000	49.0132879255340	8.40643846989160	117.542518615720	0.0262880000000000	0.0178870000000000	2.57612732679490	1.19976522683680	-1.90963250648290	2.25529193613850	0.00926080232495690	-0.0163257791597520	-0.870781758192930	-0.0502030389389330	9.80083756836760	-0.694541320528920	-0.307855330149660	9.81020833148700	0.00350019889444860	-0.00557337471307890	-0.148668142814960	0.000826403440323800	-0.00166475003825730	-0.148801220570280	0.596450333221470	0.0459673797382450	4	9	4	4	0
42.9242108000000	49.0132889093870	8.40643560691620	117.531517028810	0.0265410000000000	0.0177520000000000	2.55710432679490	1.19779407694240	-1.84581951277030	2.20047770789230	0.00207697032500010	-0.0196843322824940	-0.510235350124580	-0.134188976590970	9.77818489303210	-0.336101365595140	-0.392324418769010	9.77878287932160	0.00622474743914380	-0.00542864910601370	-0.170559933486120	0.00318511528665600	-0.000922871712260570	-0.170727301356530	0.596450333221470	0.0459673797382450	4	9	4	4	0
43.0241998670000	49.0132897882360	8.40643305625320	117.533386230470	0.0277280000000000	0.0181790000000000	2.54004532679490	1.21530635746640	-1.79927721964930	2.17138844139810	0.00485089745851600	-0.0218243351648630	-0.440801405455560	-0.217540715462670	9.76847686294330	-0.265608278071220	-0.482366432062320	9.76531084106850	0.0146164255368070	-0.000296734923444180	-0.169948146345760	0.0115658165373930	0.00431169556229950	-0.170127397040390	0.596450333221470	0.0459673797382450	4	9	4	4	0
43.1242506100000	49.0132906785430	8.40643049043460	117.549057006840	0.0292310000000000	0.0188610000000000	2.52397032679490	1.22393106616390	-1.74443708424880	2.13108812007950	0.00732775228134330	-0.0248380564824670	-0.874738684853790	-0.114187365009020	9.83776414148900	-0.693277107247100	-0.393880366722300	9.84514818640530	0.0181904064256010	0.00289480098306660	-0.160907584234220	0.0152245210789690	0.00746392494567980	-0.161066706097820	0.596450333221470	0.0459673797382450	4	9	4	4	0
43.2344705040000	49.0132915590640	8.40642773241740	117.574089050290	0.0294130000000000	0.0202170000000000	2.50755832679490	1.17928310354560	-1.64655946787340	2.02531013717870	-0.00736739704328840	-0.0184749791999080	-1.36533795537950	0.109687347354340	9.85119682866130	-1.17280258486150	-0.179485065641170	9.87516453656470	0.00545047722448720	0.00790281706095020	-0.151956503439680	0.00249132262172370	0.0123567691409380	-0.151730994285050	0.596450333221470	0.0459673797382450	4	9	4	4	0
43.3342286420000	49.0132923684810	8.40642546852540	117.590225219730	0.0295820000000000	0.0217490000000000	2.49291332679490	1.11712453990650	-1.53673733453330	1.89975888991680	-0.0215910902972650	-0.0102798483206930	-1.53119468893900	0.0299549535216500	9.81117838775550	-1.32594670133590	-0.259319510529050	9.83776835330970	0.00583834058095750	0.0107060027603800	-0.147949206723630	0.00275483789490120	0.0150627604759980	-0.147657873345660	0.596450333221470	0.0459673797382450	4	10	4	4	0
43.4342369790000	49.0132931485340	8.40642339009840	117.604217529300	0.0299110000000000	0.0227430000000000	2.47953532679490	1.05864172130670	-1.41193489408750	1.76470203712780	-0.0187931316553120	-0.00889682514502310	-1.50874697494140	-0.0713626251255180	9.75411705340790	-1.29227229889640	-0.361228570362750	9.77873918156020	0.00706389175306670	0.00604350224372440	-0.135039663781350	0.00407835925458620	0.0100531815477800	-0.134924748400670	0.596450333221470	0.0459673797382450	4	10	4	4	0
43.5442418060000	49.0132939483350	8.40642123651490	117.618896484380	0.0299310000000000	0.0227600000000000	2.46562632679490	1.00978830953530	-1.31924141118700	1.66117120205780	-0.0250314304980760	-0.0173624155115090	-0.809904283658550	0.208380322611330	9.70430976078790	-0.589079307780910	-0.0822750123245620	9.72204183782790	0.00346658515809490	-0.00335102910889340	-0.128962543891250	0.000535019598490850	0.000511306425082890	-0.129050810956370	0.597860351587220	0.0431393092202460	4	10	4	4	0
43.6442512600000	49.0132948072920	8.40641932910290	117.635917663570	0.0293390000000000	0.0222680000000000	2.45267632679490	0.992067753107620	-1.29515811337320	1.63078515112630	-0.0453286224856270	-0.0222502751699890	-0.352926735270390	0.218603884274100	9.77651604482590	-0.132949560413390	-0.0715018098555810	9.78419313631810	-0.00253979857235850	-0.00797555766219330	-0.129854629992180	-0.00546281447385090	-0.00412022808946790	-0.129944585740550	0.597860351587220	0.0431393092202460	4	10	4	4	0
43.7442262920000	49.0132956744430	8.40641742420430	117.657814025880	0.0282030000000000	0.0217520000000000	2.43991632679490	1.00261904295950	-1.28207730301700	1.62682143278030	-0.0500333329670650	-0.0214179530671950	-0.207327509787220	0.00852745970866870	9.81217755689170	0.00863169460112400	-0.273938011948090	9.81062237281380	-0.00725486265008250	-0.00860145759184360	-0.127373003363220	-0.0100616531718240	-0.00493026987989890	-0.127377869418050	0.597860351587220	0.0431393092202460	4	10	4	4	0
43.8542002880000	49.0132966706150	8.40641541703710	117.671463012700	0.0273430000000000	0.0216810000000000	2.42646232679490	1.02920183410010	-1.26927961372980	1.63359202081620	-0.0437907142851440	-0.0185829682707000	-0.124022182377120	0.0127143437911270	9.83804973484780	0.0895222624853310	-0.260421563152600	9.83499520077860	-0.00459838137299850	-0.00419614282398940	-0.123867190555570	-0.00728839347973830	-0.000754915163637630	-0.123808090653500	0.597860351587220	0.0431393092202460	4	9	4	4	0
43.9642206750000	49.0132976863900	8.40641341268140	117.687583923340	0.0280250000000000	0.0226260000000000	2.41289432679490	1.05686412833910	-1.25904121896230	1.64344159273320	-0.0384898215761030	-0.0141065222903170	-0.122481933585550	-0.0196320264346090	9.83336546121550	0.0957349369490930	-0.292401916513440	9.82932842762290	0.00789037339992110	0.00389858920223460	-0.123527254137370	0.00514988622972750	0.00732378095907920	-0.123518115860360	0.597860351587220	0.0431393092202460	4	9	4	4	0
44.0642343410000	49.0132986384030	8.40641162866170	117.697731018070	0.0293910000000000	0.0237810000000000	2.40127532679490	1.07981149476440	-1.25044373690950	1.65182710921190	-0.0355103040785890	-0.00981023538151130	-0.160027438896220	0.0779664262648890	9.88027191755750	0.0687974305124060	-0.205300028753160	9.87954611940890	0.0155625516384070	0.00751300948472700	-0.115745055035100	0.0128875285830600	0.0108239864463940	-0.115813361250960	0.597860351587220	0.0431393092202460	4	9	4	4	0
44.1644181800000	49.0132996987950	8.40640981784750	117.723426818850	0.0307820000000000	0.0249410000000000	2.39114132679490	1.09577378103220	-1.24435818264290	1.65766049198950	-0.0376612575945920	-0.00231365115607770	-0.212931153803410	0.145708480069140	9.85589206599080	0.0265802327867820	-0.150386520433680	9.85813350782050	0.0154575398530650	0.00785197179531560	-0.102363323365350	0.0129788376030610	0.0109159803385680	-0.102426740958680	0.597860351587220	0.0431393092202460	4	9	4	4	0
44.2642612900000	49.0133007457550	8.40640807481240	117.739303588870	0.0312590000000000	0.0258140000000000	2.38320232679490	1.10467156837190	-1.23812965318280	1.65877918252180	-0.0419350301152570	0.00364515299180070	-0.259902384042990	0.238706169886800	9.81182966978980	-0.0116374303321890	-0.0653289714800840	9.81799400804100	0.00687694688703270	0.00632739312096860	-0.0821346516824040	0.00481074181617670	0.00886203800546100	-0.0820446640432990	0.597860351587220	0.0431393092202460	4	9	4	4	0
44.3742496600000	49.0133018695240	8.40640615069490	117.753410339360	0.0305440000000000	0.0265510000000000	2.37758732679490	1.11188198223130	-1.23466663404190	1.66089203091570	-0.0463282494398550	-0.000568306975349430	-0.236033938750880	0.160156020896440	9.70910194410660	0.0180795943984850	-0.139745496072750	9.71229056318260	-0.00452664765860940	0.00488553755753480	-0.0531647399568280	-0.00590395099116970	0.00652587856446390	-0.0528490533184470	0.597860351587220	0.0431393092202460	4	10	4	4	0
44.4742375170000	49.0133028200710	8.40640441278940	117.755691528320	0.0309240000000000	0.0268960000000000	2.37509132679490	1.12039769888080	-1.22163100613330	1.65719749742180	-0.0376631290971900	-0.0123201924056280	-0.350856757418570	0.129791540593100	9.68454496109150	-0.0923300727058810	-0.167774129714580	9.68990443220380	0.00457252923356990	0.00278834990980220	-0.0276107007331780	0.00384189219386650	0.00363567673972670	-0.0276250932499260	0.597860351587220	0.0431393092202460	4	10	4	4	0
44.5742303900000	49.0133037634040	8.40640269332950	117.763717651370	0.0327330000000000	0.0267430000000000	2.37488132679490	1.11550872566230	-1.20158769702820	1.63929964330730	-0.0298291773812500	-0.0192467371493430	-0.501085341190970	0.215460737857430	9.76566194409600	-0.239428799958410	-0.0954793302940000	9.77753044698500	0.0163590692625950	-0.000674560760390820	-0.00401382746462290	0.0162464481369050	-0.000555869815898390	-0.00447121113512550	0.604152298679730	0.0466690475583120	4	10	4	4	0
44.6843003660000	49.0133047577350	8.40640084955310	117.781700134280	0.0347460000000000	0.0264120000000000	2.37828532679490	1.09244423355640	-1.17107110069830	1.60134751623800	-0.0229371268840290	-0.0147316886667620	-0.656364359032320	0.315815009308920	9.86057382298280	-0.394138170712350	-0.0170602325225160	9.87962787244890	0.0173157566544370	-0.00155357161524640	0.0300533263836420	0.0181038661366160	-0.00258572644354460	0.0295123961658720	0.604152298679730	0.0466690475583120	4	10	4	4	0
44.7842460960000	49.0133056491360	8.40639923346460	117.793357849120	0.0354630000000000	0.0263240000000000	2.38418332679490	1.05319365118070	-1.15099721654130	1.55985806434730	-0.0304049438386600	-0.00927472306048380	-0.682474703393950	0.562084090767620	9.81131045002410	-0.423059314168610	0.218054618280750	9.83965663130800	0.00636167753382710	0.000922296648807640	0.0549005433214450	0.00780610518677740	-0.00101355327032720	0.0547120312198410	0.604152298679730	0.0466690475583120	4	11	4	4	0
44.8842288540000	49.0133064884570	8.40639761954180	117.806694030760	0.0355190000000000	0.0264870000000000	2.39128232679490	1.00471087134050	-1.13483171121910	1.51505415317740	-0.0449616456237720	-0.00821690836959500	-0.737429227440400	0.465729101729460	9.75547357946490	-0.479358040389280	0.120302771658810	9.78191688012320	0.000815363247037710	0.00396311237027440	0.0698763090965600	0.00266245025498300	0.00148462528930230	0.0699270478316260	0.604152298679730	0.0466690475583120	4	11	4	4	0
44.9842418290000	49.0133072995710	8.40639610504120	117.811996459960	0.0362690000000000	0.0265810000000000	2.40039732679490	0.965753622536210	-1.09499676440820	1.45961836180000	-0.0345258497597950	-0.0104119950220670	-0.881818583933910	0.276574605469730	9.76230362765270	-0.622407838071810	-0.0736652808714530	9.78588571091060	0.00496936779057950	0.00417273650024320	0.0902923857459870	0.00736658083072390	0.000927686699216220	0.0902198457822590	0.604152298679730	0.0466690475583120	4	11	4	4	0
45.0942468920000	49.0133081079430	8.40639457239360	117.811775207520	0.0382670000000000	0.0263080000000000	2.41314132679490	0.914584017870860	-1.04418380900880	1.38791287146800	-0.0218884115125230	-0.0117046743070470	-0.915953422981290	0.484799001844580	9.76466105494950	-0.657303593631670	0.120245075351470	9.79683756644090	0.0141637470963080	0.00242059162977790	0.114516826891890	0.0171844308427540	-0.00186313086681040	0.114112522951340	0.604152298679730	0.0466690475583120	4	11	4	4	0
45.2045189110000	49.0133088912490	8.40639306878540	117.810691833500	0.0403300000000000	0.0251180000000000	2.42759732679490	0.856081601130670	-1.01589820895200	1.32826991675810	-0.0283630416214920	-0.0160534688990950	-0.640444993247240	0.655738798243060	9.72152276211170	-0.390036347091130	0.272829228767360	9.75319261203740	0.0141637992442380	-0.00479243556775430	0.131316554243590	0.0175206706112220	-0.00996514271015670	0.130614524078330	0.604152298679730	0.0466690475583120	4	11	4	4	0
45.3042551050000	49.0133095533220	8.40639171626860	117.809097290040	0.0402350000000000	0.0231660000000000	2.44245632679490	0.813936414232890	-1.01566053086900	1.30100827315290	-0.0416511767750620	-0.0192737728940230	-0.425972941852740	0.689700645967930	9.80045304059390	-0.188742634375770	0.295486052980750	9.82780381038880	-0.00232554889936180	-0.0112623378609720	0.148008516017880	0.00122608616273240	-0.0172032701749370	0.147439508871900	0.604152298679730	0.0466690475583120	4	10	4	4	0
45.4042667360000	49.0133102139080	8.40639033237910	117.807922363280	0.0395700000000000	0.0216910000000000	2.45875632679490	0.782909050763470	-1.02213726925260	1.28667703454380	-0.0494283464002930	-0.0140231178466710	-0.326586452179270	0.629011709992330	9.85173956030940	-0.104248571464210	0.235685570809500	9.87391517385920	-0.00902045788892330	-0.00815969834082890	0.161670713857370	-0.00539529444165630	-0.0145992702339260	0.161373740174360	0.604152298679730	0.0466690475583120	4	10	4	4	0
45.5042583450000	49.0133108561950	8.40638895154330	117.807418823240	0.0390400000000000	0.0209840000000000	2.47619132679490	0.762635227805360	-1.02586979849830	1.27751765237050	-0.0459432924263370	-0.00795545335258670	-0.299971281108650	0.523797031207850	9.84679888139730	-0.0884817804597260	0.136532730822320	9.86397584010970	-0.00812308393331680	-0.00125475337353850	0.172623828952710	-0.00442838666894220	-0.00803394104889860	0.172574308392750	0.604152298679730	0.0466690475583120	4	10	4	4	0
45.6142760930000	49.0133115436400	8.40638742461080	117.807083129880	0.0394130000000000	0.0201400000000000	2.49638032679490	0.740734824022480	-1.02634946422370	1.26518702571650	-0.0385205297510790	-0.00643878447297730	-0.330854144895180	0.558474212365160	9.76442026370990	-0.129095476045180	0.174762767617490	9.78356278696120	-0.000994443433101610	-0.00131959596005740	0.182408731394150	0.00276114638553860	-0.00847837854713890	0.182198993489930	0.610551390138460	0.0502095608425330	4	10	4	4	0
45.7143348970000	49.0133121501690	8.40638603813610	117.806243896480	0.0397050000000000	0.0186960000000000	2.51557232679490	0.712542001877810	-1.02989905178700	1.25182803927250	-0.0396094298265420	-0.0117025824401210	-0.316732655705530	0.678738540978800	9.71372569008690	-0.127098839067400	0.293678538389590	9.73732228228730	-0.00169734842670590	-0.00616614971872150	0.190728744867020	0.00200684251573530	-0.0137122496257750	0.190330796456970	0.610551390138460	0.0502095608425330	4	10	4	4	0
45.8142788740000	49.0133127304000	8.40638462616030	117.804862976070	0.0397550000000000	0.0173960000000000	2.53537032679490	0.682774091440040	-1.04230268919430	1.24527885702220	-0.0467518073811860	-0.0197346884724150	-0.204512534700360	0.682847813241570	9.69204634813340	-0.0285468375030940	0.297405916794830	9.71367583099220	-0.00292464333160180	-0.00477009483808240	0.197999757455350	0.000652274776034090	-0.0126299891117870	0.197673851094080	0.610551390138460	0.0502095608425330	4	10	4	4	0
45.9242887280000	49.0133133532060	8.40638305106740	117.802154541020	0.0386600000000000	0.0163600000000000	2.55762732679490	0.657363036828600	-1.05958298011760	1.24604858287230	-0.0499979376697950	-0.0272856238186500	-0.137634020954390	0.655608237964260	9.77373412559910	0.0278553353328680	0.272249911567590	9.79286703427070	-0.0125823989433240	-0.00160543121846690	0.201937337196690	-0.00917297601135610	-0.00951446437858300	0.201899847590200	0.610551390138460	0.0502095608425330	4	10	4	4	0
46.0242752040000	49.0133138974810	8.40638157890460	117.800201416020	0.0374530000000000	0.0154820000000000	2.57783932679490	0.635077974236200	-1.08299488852630	1.25434516116550	-0.0562141033357330	-0.0232499215463120	-0.0145178960763810	0.661427430942970	9.84736490818650	0.143646102757770	0.286160600287650	9.86442218945980	-0.0140594560505500	-0.00201626689100500	0.202415658189330	-0.0108163546458010	-0.00971876871361880	0.202391699380050	0.610551390138460	0.0502095608425330	4	10	4	4	0
46.1242975300000	49.0133144506500	8.40638004324440	117.797782897950	0.0373390000000000	0.0135730000000000	2.59920132679490	0.640831500858860	-1.13089056156700	1.29891072195880	-0.0502468449447900	-0.0276220019788100	0.514762051909660	0.485133532671520	9.68297441314540	0.656768281691550	0.121864291859730	9.68603826742550	-0.00568626178360530	-0.0109158670152870	0.213775613333120	-0.00256906401560080	-0.0189186459347220	0.213281282272390	0.610551390138460	0.0502095608425330	4	10	4	4	0
46.2244124160000	49.0133150338040	8.40637839808120	117.794807434080	0.0373100000000000	0.0106730000000000	2.62212532679490	0.668315275361030	-1.20974412842630	1.38157825765280	-0.0375198368100940	-0.0373218945241210	0.804195299415030	0.595541056291590	9.78095894187590	0.923363076397980	0.230395504474190	9.78607912068810	-0.00252427715845320	-0.0181136890598230	0.227995558410550	0.000231603479542830	-0.0266021123957010	0.227180375768550	0.610551390138460	0.0502095608425330	4	10	4	4	0
46.3343021400000	49.0133156982070	8.40637642122260	117.792953491210	0.0387620000000000	0.00810600000000000	2.64816832679490	0.694320813657030	-1.32128382982060	1.49231252549880	-0.0334491279374110	-0.0288241744567820	0.975757791464020	0.682152995657530	9.88676107686200	1.06874846697970	0.305381268165470	9.89611100823070	0.0100713185239130	-0.0137600254656440	0.237158134222150	0.0122845668283790	-0.0227782227091180	0.236368154931720	0.610551390138460	0.0502095608425330	4	9	4	4	0
46.4343118960000	49.0133163369540	8.40637444604880	117.792015075680	0.0391020000000000	0.00703400000000000	2.67345732679490	0.715659231085350	-1.43423594450940	1.60270702738980	-0.0303060336957850	-0.0187689228177560	1.04130646385140	0.779404129061570	9.92763886721710	1.11791985860180	0.392960192002280	9.94218724614240	0.00209680789744760	-0.00212419932595280	0.251451259012650	0.00402385543010920	-0.0118989661881630	0.251155523731530	0.610551390138460	0.0502095608425330	4	9	4	4	0
46.5343039500000	49.0133169710720	8.40637230811100	117.793708801270	0.0382430000000000	0.00758000000000000	2.69961332679490	0.715491558914250	-1.55429508529840	1.71082222121200	-0.0422324725445680	0.00708646940010420	1.02451453191810	0.980059750771810	10.1699644560750	1.09945784407230	0.585810327219070	10.1924752014410	-0.0100351027656990	0.0140819819734550	0.259583340750840	-0.00812642715311340	0.00402602757582820	0.259999065397990	0.621730649075630	0.0502095608425330	4	9	4	4	0
46.6443318010000	49.0133176738900	8.40636978657670	117.796241760250	0.0385940000000000	0.00922000000000000	2.72910032679490	0.724016488717080	-1.67276120274540	1.82249863304560	-0.0340370376066150	0.00824904435143810	0.752030638130600	0.670473608215680	9.43287605713940	0.833754614970770	0.310566142375890	9.44504355186130	0.00624891749430920	0.0196949055275890	0.267913903060420	0.00858222261346820	0.00947322114055310	0.268394184137950	0.621730649075630	0.0579827560572970	4	9	4	4	0
46.7443307050000	49.0133183262040	8.40636739035380	117.795906066890	0.0406540000000000	0.00832100000000000	2.75783632679490	0.735762565720760	-1.74907068933350	1.89752963132060	-0.00239589060938770	-0.0160279166824960	0.500786196808940	0.815835942584290	9.75348724167920	0.584474097372780	0.428030290936150	9.77379827706400	0.0147758613456280	0.00681513113807800	0.284346050732630	0.0172131898215440	-0.00447734923204600	0.284248517305120	0.621730649075630	0.0579827560572970	4	9	4	4	0
46.8543218170000	49.0133189934430	8.40636463339240	117.798400878910	0.0409570000000000	0.00910400000000000	2.78901832679490	0.673258432713030	-1.83182761916040	1.95192471246800	-0.0313204289319080	0.0135932583746940	0.292490033643570	1.48492513303680	10.0578205232960	0.379602428303130	1.07352507157940	10.1073342934260	0.000712844950903270	0.0199171769543310	0.281194369101870	0.00314128982019740	0.00843588191639070	0.281759715458600	0.621730649075630	0.0579827560572970	4	10	4	4	0
46.9543422440000	49.0133195211480	8.40636202968490	117.802803039550	0.0375490000000000	0.0107260000000000	2.81564932679490	0.595627589726790	-1.88401889136470	1.97532152480960	-0.0688275630892490	0.0259687990317120	-0.0400389230956460	1.12418009221650	9.84399979566560	0.0579962337290590	0.737281445145060	9.88085496981330	-0.0320771436490970	0.0245846010512780	0.268129881269730	-0.0294105524611280	0.0140468808243160	0.269205490756110	0.621730649075630	0.0579827560572970	4	10	4	4	0
47.0543287650000	49.0133200076680	8.40635943218410	117.807327270510	0.0347270000000000	0.0121810000000000	2.84231332679490	0.553228348240840	-1.89410036998300	1.97254504802240	-0.0596918466684560	0.0357652151876480	-0.179982350977020	0.584995184656820	9.87981052690980	-0.0677778868423950	0.227855890323170	9.89646893250790	-0.0274945978121930	0.0244687148845440	0.266851130768490	-0.0244596998846540	0.0148158199261220	0.267851861461660	0.621730649075630	0.0579827560572970	4	10	4	4	0
47.1543809210000	49.0133204827580	8.40635684057540	117.811775207520	0.0352360000000000	0.0137980000000000	2.86914232679490	0.535527546154180	-1.89614195475810	1.97013080263690	-0.0243392919464150	0.0339008105589900	-0.153176833959180	0.523880469843740	9.66151121193460	-0.0281326905854090	0.183956084270460	9.67525598694490	-0.00193795330262650	0.0245345435469930	0.266781190241980	0.00152149786978380	0.0151432954900120	0.267468077598950	0.621730649075630	0.0579827560572970	4	10	4	4	0
47.2644032940000	49.0133209578930	8.40635399713040	117.815696716310	0.0363110000000000	0.0140120000000000	2.89743032679490	0.484323830497690	-1.89831581596350	1.95926446291460	-0.0175533105556670	0.0226173996255430	-0.278157821431990	1.03974562834700	9.71337556926290	-0.142932645549810	0.690546441478590	9.74750367154300	0.00396198132398760	0.0115983953162880	0.256587699230660	0.00752280840521840	0.00238737321789370	0.256752852407220	0.621730649075630	0.0579827560572970	4	10	4	4	0
47.3643454290000	49.0133213209930	8.40635138887860	117.818214416500	0.0358560000000000	0.0130030000000000	2.92112032679490	0.407505398001590	-1.90560688236550	1.94859293537890	-0.0456178537559470	0.0115671183925820	-0.240425274767560	1.08565271389110	9.61260207726720	-0.110216458862840	0.737666839002080	9.64796103478260	-0.00813883218200180	-7.36094187262020e-05	0.239536280666940	-0.00490558889211150	-0.00872625672461960	0.239460959409730	0.621730649075630	0.0579827560572970	4	10	4	4	0
47.4643473640000	49.0133217311400	8.40634871623680	117.829345703120	0.0333460000000000	0.0119050000000000	2.94406332679490	0.349281702615370	-1.91098452129060	1.94208337705380	-0.0579974942080080	0.000247776971110340	-0.142004384501120	0.781658075873790	9.70766265322000	-0.0207377334369810	0.445365243816770	9.73011730564660	-0.0255846405281890	-0.00220267420450970	0.231057452217630	-0.0227022634625760	-0.0101993243799210	0.231137612913340	0.621730649075630	0.0579827560572970	4	10	4	4	0
47.5745091390000	49.0133223904020	8.40634576730420	117.858108520510	0.0312690000000000	0.0112840000000000	2.96799332679490	0.316410259492110	-1.92551334914140	1.95093276385190	-0.0449974079669070	-0.00807277915710440	-0.0317922429795730	0.692484295179850	9.69122432073440	0.0812698087188030	0.379478724457530	9.70829394952640	-0.0210923848431860	0.000443341511269000	0.218098782128420	-0.0185492579935410	-0.00660077588725230	0.218228959236140	0.638658750820810	0.0657647321898300	4	10	4	4	0
47.6744692140000	49.0133232057790	8.40634328053920	117.894607543950	0.0304540000000000	0.0107490000000000	2.98765332679490	0.290983305054650	-1.94227738428220	1.96375366568910	-0.0322784291334750	-0.0126678252780370	0.0175731233009710	0.644394951561200	9.76313041129900	0.125787970738480	0.341915049610730	9.77764115161040	-0.0127464679160610	0.000535064842089500	0.198445506244970	-0.0105461173777610	-0.00561642405681280	0.198496853128030	0.638658750820810	0.0657647321898300	4	10	4	4	0
47.7744594400000	49.0133238062330	8.40634072723010	117.917381286620	0.0307630000000000	0.0105430000000000	3.00541332679490	0.273514597526840	-1.95856344413260	1.97752650630970	-0.0149437779951710	-0.0114179623483290	0.0323800056603230	0.542404030360250	9.83352880283430	0.137633511256680	0.240150130233640	9.84465176118410	-0.00236568126748890	0.00296199670820470	0.179458663843170	-0.000444012676071740	-0.00255323076461390	0.179481018457480	0.638658750820810	0.0657647321898300	4	10	4	4	0
47.8843541770000	49.0133244588800	8.40633790979690	117.944038391110	0.0306250000000000	0.0109740000000000	3.02271932679490	0.246667931407120	-1.97646936962230	1.99186080589460	-0.00717726815973750	-0.00103697015710330	0.0212774047508180	0.771407659604830	9.90011750642830	0.128474973516630	0.466452137127330	9.91835582244510	-0.00550898763170600	0.00791482484523490	0.157292446065820	-0.00380772352292200	0.00307098820765470	0.157512535841100	0.638658750820810	0.0657647321898300	4	11	4	4	0
47.9843816160000	49.0133249007630	8.40633528293410	117.961593627930	0.0287180000000000	0.0111640000000000	3.03487132679490	0.202511800445130	-1.99271956198290	2.00297286812440	-0.0249842677307590	0.00445529244995600	0.0132676776547770	0.775642961915790	9.76230072005200	0.121878879068900	0.485573917581500	9.78031065808020	-0.0191945261805970	0.00484427200191020	0.124412828593300	-0.0178134090191760	0.00113715913289600	0.124710293109680	0.638658750820810	0.0657647321898300	4	11	4	4	0
48.0843760650000	49.0133252934120	8.40633262829030	117.976127624510	0.0268930000000000	0.0107320000000000	3.04453632679490	0.184639490699260	-2.00356725955530	2.01197771309350	-0.0217834522153080	-0.00139015485509090	-0.0340485747320610	0.311049402932190	9.72864457388640	0.0724790255470890	0.0400546239073340	9.73358511900820	-0.0185566618757710	-0.000873003136262910	0.100328568457570	-0.0174573097081980	-0.00368095417270250	0.100466171414080	0.638658750820810	0.0657647321898300	4	11	4	4	0
48.1946039510000	49.0133258044450	8.40632991035290	117.988761901860	0.0262820000000000	0.0103090000000000	3.05387932679490	0.186355573833640	-2.00618879161890	2.01480778812580	5.67444080658090e-05	0.00582607590223450	-0.0830743499385020	0.421329383366980	9.96908615869100	0.0210303379448120	0.155497040719190	9.97709599344590	-0.00841404073532910	0.000492806821843750	0.0861736586814030	-0.00751252568977550	-0.00181070526357470	0.0862402465643770	0.638658750820810	0.0657647321898300	4	11	4	4	0
48.2944340670000	49.0133262347920	8.40632748394520	117.992507934570	0.0259830000000000	0.0110260000000000	3.06147432679490	0.174824351312350	-2.00621992115190	2.01382385455670	0.00484708692374700	0.0233860891784780	-0.103464837643510	0.455700854768480	9.94784858273180	0.00298814742279690	0.195145938690830	9.95690857974360	-0.00505923115961260	0.00833805638726520	0.0773197279662940	-0.00423051458656740	0.00630889728649140	0.0775601384977670	0.638658750820810	0.0657647321898300	4	11	4	4	0
48.4043994420000	49.0133267546900	8.40632482408500	117.989212036130	0.0254700000000000	0.0123840000000000	3.07010032679490	0.163489974837540	-1.99801823028650	2.00466778610540	0.0113253503160850	0.0353944621182440	-0.194975898805570	0.399644976695950	9.86378134886530	-0.0792193864318930	0.145488258817720	9.87243733762690	-0.00678964943278580	0.0140350592733400	0.0788818437600670	-0.00585905700277760	0.0119991369853620	0.0792913277444510	0.638658750820810	0.0657647321898300	4	11	4	4	0
48.5044487540000	49.0133271293830	8.40632232918710	117.988349914550	0.0250680000000000	0.0132130000000000	3.07890532679490	0.156664555228200	-1.98840899174820	1.99444556233260	0.0219113438239780	0.0355142687744550	-0.178155865552730	0.356890363032290	9.75851460781890	-0.0538032784318510	0.109746596283680	9.76590140138430	-0.00611057349298720	0.0109090768771390	0.0868979472583970	-0.00499748015473960	0.00870699014731910	0.0872174089751200	0.638658750820810	0.0657647321898300	4	11	4	4	0
48.6044017760000	49.0133275340110	8.40631986471430	117.986213684080	0.0249170000000000	0.0138420000000000	3.08886132679490	0.148494988778950	-1.98458783355540	1.98986511580040	0.0326007018202900	0.0303172668643600	-0.114534275281980	0.400339483127150	9.74673788222110	0.0166924969362470	0.156126525805700	9.75434740479400	-0.00431116789427060	0.00964531011930510	0.0979646042181470	-0.00298715134747390	0.00719004189224720	0.0982244284870310	0.645056586665080	0.0636553218513580	4	11	4	4	0
48.7144515950000	49.0133277841840	8.40631714447300	117.981575012210	0.0239540000000000	0.0147790000000000	3.10121132679490	0.130918213579490	-1.98748100769490	1.99144882564790	0.0380018978952640	0.0220149451506260	-0.0736938623332460	0.472856177508380	9.72347602439200	0.0655306899747980	0.234778942488340	9.73217435023850	-0.0110146550038400	0.0115351223894970	0.111091964863260	-0.00941731950543750	0.00881572612195110	0.111488674843610	0.645056586665080	0.0636553218513580	4	11	4	4	0
48.8144165450000	49.0133280514040	8.40631498706500	117.965843200680	0.0228080000000000	0.0153570000000000	3.11367932679490	0.111208326756730	-1.98952521669180	1.99222323453260	0.0417150243641530	0.0125089981016500	-0.0865492010102620	0.424087701457250	9.71920040684820	0.0595300268921350	0.196697127441410	9.72668304474580	-0.0126247017231950	0.00978985082746930	0.122938451113070	-0.0107709254756910	0.00691680916625290	0.123310508368730	0.645056586665080	0.0636553218513580	4	11	4	4	0
48.9144246620000	49.0133283207120	8.40631262391100	117.950759887700	0.0224450000000000	0.0154120000000000	3.12739632679490	0.0996764263405740	-1.98904542425720	1.99074901915450	0.0560665429692650	0.00892842310083700	-0.113460007888540	0.378122163816370	9.79768331827580	0.0364938660169670	0.155534829642970	9.80434596717570	-0.00720910520304050	0.00584740118264560	0.135924757653080	-0.00512635214707720	0.00276238917311410	0.136117318688980	0.645056586665080	0.0636553218513580	4	11	4	4	0
49.0244147020000	49.0133283869880	8.40630995109020	117.936416625980	0.0226620000000000	0.0157010000000000	-3.13886598038470	0.0845646620626830	-1.98994878772220	1.99041865745100	0.0726906783201420	0.00726735886547550	-0.0989623514079960	0.401858728032070	9.76177656663690	0.0529470237857910	0.181380609742740	9.76872225743000	-0.000702123700307880	0.00659924776108720	0.153069356328320	0.00168157162171610	0.00314250019870500	0.153171302119290	0.645056586665080	0.0636553218513580	4	11	4	4	0
49.1244272800000	49.0133283513870	8.40630737575360	117.937522888180	0.0233140000000000	0.0157830000000000	-3.12163798038470	0.0612027380047030	-1.99113020401120	1.99043532849020	0.0817593492318900	-0.00142812005068460	-0.127488166233620	0.516427613416320	9.70071343862340	0.0252320040878150	0.293026558525610	9.71085627300790	0.00285999666371220	0.00514921873174150	0.169691781524150	0.00553063696075260	0.00124010623463330	0.169698895558460	0.645056586665080	0.0636553218513580	4	11	4	4	0
49.2246156870000	49.0133282970050	8.40630480099970	117.937683105470	0.0232120000000000	0.0153610000000000	-3.10321398038470	0.0223160434461270	-1.99165455538380	1.99038054031850	0.0782251795854720	-0.00866154607291300	-0.0912730406409130	0.691923121980270	9.73824807257620	0.0600389019757440	0.465356094094970	9.75196119619510	-0.00319553714073840	0.00166504798049920	0.181693186934250	-0.000376632389957940	-0.00256018183693160	0.181709556731610	0.645056586665080	0.0636553218513580	4	11	4	4	0
49.3344302230000	49.0133281859730	8.40630196438480	117.938285827640	0.0217070000000000	0.0146190000000000	-3.08231398038470	-0.0328418678846100	-1.99752928098480	1.99697543025760	0.0641929769004910	-0.00795160685795150	-0.00294883831892710	0.694168006289190	9.85057669606250	0.144563928592400	0.473011680846850	9.86264849896080	-0.0154710636129460	-0.00156101006560180	0.189280087009740	-0.0126406395072250	-0.00580575081920280	0.189406210171630	0.645056586665080	0.0636553218513580	4	11	4	4	0
49.4344447900000	49.0133280667380	8.40629933102590	117.939254760740	0.0196460000000000	0.0145810000000000	-3.06262298038470	-0.0751209557255030	-2.01455845801270	2.01517564237290	0.0617513310940110	-0.000276377201986790	0.142885491438810	0.566321058692000	9.87812795599360	0.287198313466190	0.361352101788980	9.88468632092120	-0.0219651449441410	0.00389961126800970	0.196264990914150	-0.0190981840443230	-0.000166849041110910	0.196598793639250	0.645056586665080	0.0636553218513580	4	11	4	4	0
49.5344454380000	49.0133277434630	8.40629682617630	117.913589477540	0.0178920000000000	0.0150140000000000	-3.04241898038470	-0.115164020024370	-2.04469898034710	2.04706034673860	0.0647026150438980	0.00136379148378740	0.271259142190290	0.531515285803580	9.78166869496110	0.416104418659080	0.346874784631770	9.78488799932690	-0.0193452771371890	0.00802032059828020	0.201127938332480	-0.0163645829265490	0.00422930039821590	0.201504186810200	0.632360656587680	0.0636553218513580	4	11	4	4	0
49.6444486280000	49.0133275793900	8.40629388137230	117.880523681640	0.0174730000000000	0.0155250000000000	-3.01893698038470	-0.156773589082260	-2.08869012813400	2.09332765013800	0.0749250124795370	-0.00469143573228890	0.367000175308660	0.473521312424060	9.76040204473120	0.516215925730770	0.300510749937420	9.76051480954660	-0.00744315343972890	0.00833718509491950	0.213629118516620	-0.00417385195956830	0.00455480042112890	0.213829756029770	0.632360656587680	0.0509313263129870	4	11	4	4	0
49.7445016430000	49.0133272210580	8.40629106337630	117.858642578120	0.0174360000000000	0.0160240000000000	-2.99602398038470	-0.203295192943400	-2.13248520420720	2.14078867115490	0.0809543217022750	-0.0149611454129730	0.358133840264020	0.653297720364020	9.73858617134350	0.512076729176010	0.482345641590350	9.74166908923630	-0.00501140634897500	0.00815745401808090	0.227439897276180	-0.00141396300348980	0.00416747202021870	0.227598166817870	0.632360656587680	0.0509313263129870	4	11	4	4	0
49.8444789840000	49.0133268677860	8.40628815256990	117.844001770020	0.0170510000000000	0.0164280000000000	-2.97138198038470	-0.263715200024830	-2.17076895437540	2.18558833058670	0.0778783372008000	-0.0162461510958000	0.306063513964180	0.669265489035520	9.85928173008080	0.465891191729690	0.499337211816520	9.86310573253120	-0.00667542268203670	0.00834535283359860	0.244719155861620	-0.00270635497736090	0.00413053001398310	0.244902480241840	0.632360656587680	0.0509313263129870	4	10	4	4	0
49.9545034130000	49.0133264686680	8.40628487473450	117.847656250000	0.0166150000000000	0.0169530000000000	-2.94183998038470	-0.327957273936430	-2.21146136708030	2.23430671828480	0.0840080210120910	-0.0123569093976970	0.318087791519790	0.688059151737820	9.84600708087720	0.482572260887160	0.522194635386220	9.84950839192460	-0.00816906179832080	0.00907068896297860	0.266980359351610	-0.00370591990711530	0.00457708252368740	0.267194575786150	0.632360656587680	0.0509313263129870	4	10	4	4	0
50.0544794760000	49.0133260993160	8.40628180592010	117.857437133790	0.0154910000000000	0.0177470000000000	-2.91301098038470	-0.399879600351930	-2.24675545955260	2.28089831541760	0.0831789054905870	-0.0130953324639010	0.329313060404410	0.885016609858200	9.78959570259720	0.499138099943190	0.726845408708110	9.79537599097370	-0.0164680980629800	0.0119234536198690	0.285813104011770	-0.0115053551328330	0.00731240027155680	0.286212343137800	0.632360656587680	0.0509313263129870	4	10	4	4	0