0 0 Car 894.768323 190.650299 346.231677 183.349701 3.407977 1.536793 4.758829
1 0 Car 880.106634 190.173318 360.893366 183.826682 3.388173 1.539172 5.048745
2 0 Car 866.581546 189.734306 374.418454 184.265694 3.368369 1.541552 5.338661
3 0 Car 854.066047 189.328905 386.933953 184.671095 3.348566 1.543931 5.628578
4 0 Car 842.451378 188.953397 398.548622 185.046603 3.328762 1.546310 5.918494
5 0 Car 831.643863 188.604595 409.356137 185.395405 3.308958 1.548690 6.208410
6 0 Car 821.333837 187.337916 419.666163 186.662084 3.286537 1.540383 6.521717
7 0 Car 811.756294 186.753052 418.85391400000003 187.246948 3.264193 1.539405 6.834948
8 0 Car 802.878261 189.891797 387.26938200000006 184.108203 3.242347 1.585594 7.147685
9 0 Car 794.483870 185.445058 359.8351849999999 188.554942 3.219470 1.534087 7.461444
10 0 Car 788.209778 185.668133 343.00450999999987 184.04387099999997 3.191573 1.540673 7.667828
11 0 Car 782.252432 183.442241 316.0195960000001 170.035948 3.208640 1.516513 8.073921
12 0 Car 778.103109 183.280152 298.5038599999999 161.85379800000004 3.220351 1.518550 8.372974
13 0 Car 774.175909 182.388094 282.69274399999995 153.94925500000002 3.231946 1.509560 8.672142
14 0 Car 770.452133 180.770478 268.3558089999999 146.28906600000002 3.243415 1.488704 8.971434
15 0 Car 766.996705 184.755332 255.38394199999993 142.53204899999997 3.255802 1.554745 9.269818
16 0 Car 762.166600 184.018914 241.88215100000002 135.98296600000003 3.248616 1.548157 9.593708
17 0 Car 757.598223 183.322205 229.62170400000002 129.995988 3.241430 1.541569 9.917599
18 0 Car 753.270861 182.662079 218.44573300000002 124.50263000000001 3.234244 1.534981 10.241490
19 0 Car 749.165932 182.035727 208.22215700000004 119.445019 3.227057 1.528394 10.565380
20 0 Car 745.266716 181.440622 198.83902799999998 114.773919 3.219871 1.521806 10.889271
21 0 Car 740.419976 181.936285 189.620312 110.56229100000002 3.201323 1.535155 11.244542
22 0 Car 735.824881 182.406141 181.19701599999996 106.65259100000003 3.182775 1.548505 11.599813
23 0 Car 731.462340 182.852153 173.47548299999994 103.01318000000003 3.164227 1.561854 11.955084
24 0 Car 727.315147 183.276094 166.37579599999992 99.616714 3.145678 1.575204 12.310354
25 0 Car 723.367754 183.679563 159.829391 96.43944400000001 3.127130 1.588554 12.665625
26 0 Car 719.523371 184.223991 153.07829700000002 93.31084299999998 3.107886 1.605665 13.045118
27 0 Car 714.011516 184.733611 146.21351499999992 90.39443299999999 3.048608 1.622568 13.422626
28 0 Car 709.668553 185.222968 140.17778599999997 87.65114600000001 3.009346 1.639574 13.801126
29 0 Car 705.528183 185.689551 134.58576500000004 85.07153399999999 2.970085 1.656581 14.179626
30 0 Car 701.576554 186.134913 129.39275399999997 82.64123099999998 2.930824 1.673588 14.558126
31 0 Car 694.462966 185.385887 124.67270599999995 79.95772100000002 2.824466 1.662803 14.939588
32 0 Car 687.659741 184.670027 120.32647499999996 77.43632300000002 2.718109 1.652017 15.321051
33 0 Car 681.147048 183.985168 116.31612599999994 75.06301200000001 2.611752 1.641231 15.702513
34 0 Car 674.906712 183.329333 112.60839399999998 72.82531800000001 2.505394 1.630446 16.083975
35 0 Car 668.922047 182.700706 109.17400199999997 70.712121 2.399037 1.619660 16.465437
36 0 Car 661.651564 182.575792 104.05762700000002 68.59868899999998 2.244392 1.622299 16.900184
37 0 Car 654.708091 182.456459 99.31552099999999 66.60746 2.089746 1.624939 17.334931
38 0 Car 648.070049 182.342343 94.91134799999998 64.728159 1.935101 1.627578 17.769678
39 0 Car 641.717720 182.233107 90.81311900000003 62.951633000000015 1.780456 1.630218 18.204425
40 0 Car 635.633046 182.128445 86.99257899999998 61.26969700000001 1.625811 1.632857 18.639172
41 0 Car 628.509286 182.543979 83.99120600000003 59.85073599999998 1.442928 1.650376 19.060936
42 0 Car 621.663131 182.943195 81.20401099999992 58.49628999999999 1.260046 1.667895 19.482701
43 0 Car 615.078674 183.327039 78.61190199999999 57.202016999999984 1.077164 1.685413 19.904465
44 0 Car 608.741200 183.696387 76.19783999999993 55.963956000000024 0.894281 1.702932 20.326230
45 0 Car 602.637080 184.052046 73.94657300000006 54.778493 0.711399 1.720451 20.747994
46 0 Car 596.895940 184.432084 72.02106500000002 53.772221 0.533648 1.738486 21.126697
47 0 Car 591.338422 184.799882 70.211545 52.80233899999999 0.355896 1.756521 21.505399
48 0 Car 585.955864 185.156024 68.50943499999994 51.866888999999986 0.178145 1.774557 21.884102
49 0 Car 581.710268 183.332945 67.076235 50.49130200000002 0.032764 1.719312 22.267706
50 0 Car 577.596028 181.566621 65.72370999999998 49.177667000000014 -0.112617 1.664068 22.651311
51 0 Car 573.828761 180.379757 63.85335799999996 48.247412 -0.259788 1.633095 23.029572
52 0 Car 570.173894 179.207556 62.06916899999999 47.377768 -0.406959 1.602121 23.407834
53 0 Car 566.626469 178.075901 60.36579199999994 46.53890800000002 -0.554130 1.571148 23.786095
54 0 Car 563.395540 180.447067 58.776144000000045 45.76371399999999 -0.693552 1.647004 24.164132
55 0 Car 560.256825 182.538656 57.255454999999984 45.21425500000001 -0.832974 1.722859 24.542169
56 0 Car 557.881263 182.806751 55.43094299999996 44.543012000000004 -0.954662 1.737890 24.906501
57 0 Car 555.570418 183.067766 53.670795 43.89153299999998 -1.076350 1.752921 25.270832
58 0 Car 554.118397 182.552159 52.092655000000036 43.11058 -1.167928 1.738376 25.639854
59 0 Car 552.705500 182.049998 50.56676099999993 42.35639600000002 -1.259505 1.723832 26.008877
60 0 Car 551.330172 181.560763 49.09059100000002 41.62766099999999 -1.351083 1.709287 26.377899
61 0 Car 551.970692 179.909332 51.301413000000025 43.602153999999985 -1.240094 1.640514 25.243331
62 0 Car 550.192624 180.956094 49.81013699999994 42.82617299999998 -1.346639 1.679016 25.665566
63 0 Car 548.468459 181.856822 48.378598999999895 42.186638000000016 -1.453185 1.717518 26.087802
64 0 Car 546.795786 182.692700 47.00338499999998 41.602862999999985 -1.559730 1.756021 26.510037
65 0 Car 545.172334 183.504366 45.681329000000005 41.03467499999999 -1.666276 1.794523 26.932273
66 0 Car 545.423518 184.000227 43.72168500000009 40.12002100000001 -1.727329 1.824221 27.551774
67 0 Car 545.379270 184.475977 42.13581999999997 39.24529899999999 -1.788383 1.853919 28.171276
68 0 Car 544.784453 184.932822 41.173550999999975 38.40791800000002 -1.849436 1.883618 28.790778
69 0 Car 544.169224 180.968731 40.248242000000005 36.92386100000002 -1.912522 1.720952 29.412290
70 0 Car 543.892933 181.330070 39.66250200000002 36.43832599999999 -1.950575 1.741619 29.819113
71 0 Car 543.625128 181.682385 39.09242599999993 35.96536999999998 -1.988628 1.762286 30.225935
72 0 Car 543.365450 182.026012 38.53736300000003 35.504503 -2.026680 1.782953 30.632757
73 0 Car 543.395206 182.160014 38.135887000000025 35.15450100000001 -2.046948 1.792974 30.933552
74 0 Car 543.424533 182.291615 37.74224800000002 34.811361000000005 -2.067215 1.802996 31.234347
75 0 Car 543.453446 182.420881 37.35620800000004 34.47487899999999 -2.087482 1.813018 31.535141
22 1 Car 1192.179611 167.565265 48.82038899999998 206.434735 3.804984 1.548693 1.912986
23 1 Car 1147.132426 165.750009 93.8675740000001 208.249991 3.795752 1.543344 2.210502
24 1 Car 1108.345956 163.931183 132.6540440000001 210.068817 3.786520 1.537996 2.508019
25 1 Car 1074.599820 162.108327 166.4001800000001 211.891673 3.777288 1.532647 2.805535
26 1 Car 1044.971485 160.280979 196.02851499999997 213.719021 3.768056 1.527298 3.103051
27 1 Car 1018.750578 158.448671 222.24942199999998 215.551329 3.758824 1.521949 3.400567
28 1 Car 995.857237 156.209442 245.14276299999995 217.790558 3.758783 1.514456 3.707490
29 1 Car 975.455942 161.120125 265.54405799999995 212.879875 3.759099 1.540696 4.014061
30 1 Car 957.061864 161.052075 283.938136 212.947925 3.759166 1.543462 4.320877
31 1 Car 933.234272 160.673035 307.76572799999997 213.326965 3.704850 1.545899 4.608289
32 1 Car 911.388639 157.060449 329.611361 216.939551 3.650374 1.533178 4.895859
33 1 Car 891.343417 158.330892 349.65658299999996 215.669108 3.596126 1.542055 5.183203
34 1 Car 872.801729 153.093748 368.198271 220.906252 3.541471 1.512506 5.470949
35 1 Car 855.702671 155.547144 385.297329 218.452856 3.487218 1.520827 5.758300
36 1 Car 834.788385 156.408246 406.21161500000005 217.591754 3.364260 1.522143 6.045295
37 1 Car 815.352279 157.158913 425.64772100000005 216.841087 3.241303 1.523458 6.332290
38 1 Car 797.243010 158.030293 422.4498809999999 215.969707 3.118346 1.524774 6.619285
39 1 Car 780.329218 159.028919 389.4115310000001 214.971081 2.995389 1.526089 6.906280
40 1 Car 764.496324 159.922862 360.4415180000001 214.077138 2.872432 1.527405 7.193276
41 1 Car 748.347959 161.414736 329.88376700000003 204.270843 2.739680 1.533368 7.538237
42 1 Car 733.361784 162.741103 303.35929699999997 192.633894 2.606928 1.539331 7.883199
43 1 Car 719.416692 163.928058 280.16798900000003 182.25145899999998 2.474176 1.545294 8.228161
44 1 Car 706.407842 164.996483 259.757886 172.931038 2.341424 1.551257 8.573123
45 1 Car 694.244010 165.963289 241.688623 164.517599 2.208671 1.557220 8.918085
46 1 Car 682.188689 166.826486 226.22286100000008 157.15234900000002 2.068064 1.563111 9.251436
47 1 Car 670.841498 167.616622 212.38314000000003 150.418323 1.927456 1.569001 9.584788
48 1 Car 660.141830 168.342596 199.94517399999995 144.23770400000004 1.786848 1.574892 9.918140
49 1 Car 650.035806 169.011918 188.72250600000007 138.544967 1.646240 1.580783 10.251491
50 1 Car 640.475360 169.630971 178.55902600000002 133.284533 1.505633 1.586674 10.584843
51 1 Car 632.767098 169.952115 168.809082 127.99416500000001 1.386093 1.589196 10.946157
52 1 Car 625.487312 170.249220 159.939748 123.10774799999999 1.266554 1.591718 11.307471
53 1 Car 618.601242 170.524887 151.84386200000006 118.58071700000002 1.147014 1.594240 11.668784
54 1 Car 612.077788 170.781357 144.43040799999994 114.37482699999998 1.027475 1.596762 12.030098
55 1 Car 605.889043 171.020566 137.62163099999998 110.457079 0.907935 1.599284 12.391412
56 1 Car 601.733066 171.499931 131.55256299999996 106.539109 0.822601 1.605689 12.779777
57 1 Car 597.794310 171.946959 125.95702500000004 102.88957199999999 0.737266 1.612094 13.168141
58 1 Car 594.056178 172.364815 120.783905 99.481795 0.651931 1.618499 13.556506
59 1 Car 590.503725 172.756266 115.98901000000001 96.29252299999999 0.566597 1.624904 13.944870
60 1 Car 587.123449 173.123737 111.53395799999998 93.30139300000002 0.481262 1.631309 14.333234
61 1 Car 583.112772 173.707055 107.53841 90.79982900000002 0.379535 1.641967 14.678296
62 1 Car 579.267676 174.260263 103.791067 88.42890999999997 0.277808 1.652626 15.023357
63 1 Car 575.578116 174.785634 100.27070300000003 86.178661 0.176081 1.663284 15.368418
64 1 Car 572.034841 175.285216 96.95837399999994 84.0401 0.074353 1.673943 15.713480
65 1 Car 568.629321 175.760865 93.83711600000004 82.00511000000003 -0.027374 1.684602 16.058541
66 1 Car 566.119817 179.031009 91.20072500000003 80.22493 -0.108582 1.752656 16.381932
67 1 Car 563.698535 181.987766 88.69748200000004 78.69324300000002 -0.189789 1.820710 16.705323
68 1 Car 561.047259 178.262196 86.24485299999992 76.79097800000002 -0.279188 1.741816 17.029505
69 1 Car 558.486236 174.524754 83.91297100000008 75.13602499999999 -0.368587 1.662923 17.353687
70 1 Car 556.010936 170.938535 81.69354899999996 73.55081799999999 -0.457986 1.584029 17.677869
71 1 Car 554.698028 172.180288 79.94043599999998 72.21649100000002 -0.515724 1.611330 17.973686
72 1 Car 553.424032 173.377826 78.25769100000002 70.92971600000001 -0.573463 1.638631 18.269502
73 1 Car 552.187243 174.533470 76.64128000000005 69.687994 -0.631201 1.665933 18.565318
74 1 Car 550.986054 175.649380 75.08746400000007 68.489001 -0.688940 1.693234 18.861135
75 1 Car 549.818951 176.727570 73.59277300000008 67.33056900000003 -0.746678 1.720535 19.156951
76 1 Car 550.200788 176.587887 71.81740100000002 66.355748 -0.766491 1.718372 19.407701
77 1 Car 550.574448 176.452032 70.08676200000002 65.408715 -0.786304 1.716210 19.658451
78 1 Car 550.940211 176.319852 68.39912600000002 64.48829900000001 -0.806117 1.714047 19.909201
79 1 Car 551.298348 176.191202 66.75284999999997 63.59339299999999 -0.825930 1.711885 20.159951
80 1 Car 551.649116 176.065946 65.14637799999991 62.722949 -0.845743 1.709722 20.410701
81 1 Car 553.310885 175.921291 63.93563000000006 61.87106399999999 -0.823121 1.706984 20.663418
82 1 Car 554.586022 175.780387 63.09899400000006 61.04203100000001 -0.800500 1.704245 20.916136
83 1 Car 555.824882 175.643092 62.286598000000026 60.23494099999999 -0.777878 1.701506 21.168853
84 1 Car 557.032118 175.509269 61.49424700000009 59.448937 -0.755257 1.698768 21.421570
85 1 Car 558.208954 175.378791 60.72115500000007 58.6832 -0.732635 1.696029 21.674288
86 1 Car 559.120289 175.083205 59.980219000000034 57.96552200000002 -0.724681 1.688607 21.919532
87 1 Car 560.009671 174.794706 59.25714599999992 57.265184000000005 -0.716726 1.681184 22.164777
88 1 Car 560.877884 174.513041 58.55129999999997 56.581568000000004 -0.708771 1.673761 22.410021
89 1 Car 561.725676 174.237970 57.86207000000002 55.91408100000001 -0.700816 1.666339 22.655266
90 1 Car 562.553757 173.969265 57.18887899999993 55.262159 -0.692862 1.658916 22.900510
91 1 Car 562.923048 174.079325 56.452968000000055 54.54973899999999 -0.699873 1.662617 23.176058
92 1 Car 563.282939 174.186596 55.735755999999924 53.85545399999998 -0.706885 1.666318 23.451605
93 1 Car 563.633783 174.291182 55.03654000000006 53.178619999999995 -0.713897 1.670019 23.727152
94 1 Car 563.975917 174.393183 54.35464999999999 52.518587999999994 -0.720909 1.673720 24.002699
95 1 Car 564.309663 174.492694 53.689449999999965 51.874739000000005 -0.727921 1.677420 24.278246
96 1 Car 564.663493 172.768261 52.96524099999999 51.14933300000001 -0.726653 1.623391 24.590373
97 1 Car 565.008427 171.089534 52.25887499999999 50.44519100000002 -0.725385 1.569361 24.902500
98 1 Car 566.176702 173.304415 51.56833900000004 49.776208 -0.697096 1.640679 25.214364
99 1 Car 567.314656 175.462193 50.89496299999996 49.123042999999996 -0.668807 1.711998 25.526227
100 1 Car 568.423484 177.565034 50.23805900000002 48.48514900000001 -0.640517 1.783316 25.838091
101 1 Car 568.978388 177.715113 49.59725400000002 47.857084999999984 -0.630001 1.790350 26.150093
102 1 Car 569.519842 177.861475 48.97125799999992 47.24488699999998 -0.619484 1.797383 26.462096
103 1 Car 570.048360 178.004257 48.35951699999998 46.64796100000001 -0.608967 1.804416 26.774098
104 1 Car 570.564433 178.143587 47.76149799999996 46.065743 -0.598451 1.811450 27.086101
105 1 Car 571.068527 178.279589 47.17669999999998 45.49769500000002 -0.587934 1.818483 27.398104
106 1 Car 571.770240 177.957744 46.55032200000005 44.89290300000002 -0.581069 1.809485 27.743095
107 1 Car 572.453562 177.644331 45.94035999999994 44.303979 -0.574204 1.800486 28.088087
108 1 Car 573.119209 177.339024 45.34617500000002 43.73030600000001 -0.567339 1.791488 28.433079
109 1 Car 573.767855 177.041512 44.76716399999998 43.171301 -0.560475 1.782489 28.778071
110 1 Car 574.400145 176.751501 44.20275400000003 42.626405000000005 -0.553610 1.773491 29.123062
111 1 Car 575.494865 177.666760 43.70481099999995 42.146495999999985 -0.526820 1.810289 29.434947
112 1 Car 576.565186 178.561625 43.217960999999946 41.67727100000002 -0.500030 1.847086 29.746833
113 1 Car 577.611913 179.436769 42.741840000000025 41.218379999999996 -0.473240 1.883884 30.058718
114 1 Car 578.635819 180.292837 42.27609400000006 40.76948300000001 -0.446450 1.920681 30.370603
115 1 Car 579.637643 181.053345 41.82038799999998 40.40736099999998 -0.419660 1.957479 30.682488
116 1 Car 580.158974 180.883750 41.41325000000006 39.99293300000002 -0.410350 1.953009 30.966850
117 1 Car 580.670252 180.717073 41.01396199999999 39.58685600000001 -0.401040 1.948538 31.251212
118 1 Car 581.171764 180.553240 40.622299999999996 39.18888100000001 -0.391730 1.944068 31.535573
119 1 Car 581.663787 180.388218 40.23804800000005 38.802730999999994 -0.382420 1.939598 31.819935
120 1 Car 582.146588 180.211354 39.860997 38.438759000000005 -0.373110 1.935128 32.104296
121 1 Car 581.889454 180.230301 39.58125700000005 38.169038 -0.392142 1.938116 32.318613
122 1 Car 581.635901 180.248984 39.30541800000003 37.903076 -0.411175 1.941103 32.532929
123 1 Car 581.385856 180.267409 39.03339500000004 37.640794 -0.430207 1.944091 32.747246
124 1 Car 581.139246 180.285580 38.765112000000045 37.38211799999999 -0.449239 1.947079 32.961562
125 1 Car 580.896000 180.303504 38.500493000000006 37.12697299999999 -0.468271 1.950067 33.175879
126 1 Car 581.398422 179.519919 38.31249500000001 36.944909000000024 -0.452416 1.917368 33.330114
127 1 Car 581.895959 178.743951 38.12632400000007 36.764622 -0.436560 1.884669 33.484349
128 1 Car 582.388680 177.975491 37.94195400000001 36.586085 -0.420705 1.851970 33.638585
129 1 Car 582.876657 177.214429 37.75935800000002 36.40927500000001 -0.404850 1.819271 33.792820
130 1 Car 583.359958 176.460660 37.57851100000005 36.23416500000002 -0.388994 1.786572 33.947055
131 1 Car 583.884967 176.765506 37.41639100000009 36.077877 -0.370540 1.800930 34.086612
132 1 Car 584.405462 177.067732 37.25566499999991 35.92292999999998 -0.352087 1.815288 34.226168
133 1 Car 584.921502 177.367371 37.09631300000001 35.76930900000002 -0.333633 1.829646 34.365724
134 1 Car 586.446059 175.940463 36.937498000000005 35.614675000000005 -0.269243 1.765754 34.506281
135 1 Car 587.957583 174.525750 36.78003799999999 35.46137200000001 -0.204854 1.701863 34.646838
136 1 Car 588.429540 173.188954 36.623649 35.309473999999994 -0.187458 1.640987 34.787354
137 1 Car 588.897498 171.863482 36.46858499999996 35.158873 -0.170062 1.580112 34.927869
138 1 Car 589.361508 170.549191 36.31482700000004 35.00955099999999 -0.152666 1.519236 35.068385
139 1 Car 589.596970 175.434074 36.16559399999994 34.869001 -0.145600 1.745270 35.205849
140 1 Car 589.830504 180.278973 36.017582999999945 34.72957499999998 -0.138533 1.971303 35.343314
141 1 Car 589.299215 179.458514 35.91742499999998 34.63256199999998 -0.165886 1.933964 35.436785
142 1 Car 588.770868 178.642596 35.81782200000009 34.536089000000004 -0.193238 1.896625 35.530256
143 1 Car 588.245437 177.831181 35.71876999999995 34.44015300000001 -0.220591 1.859287 35.623727
0 2 Car 292.437316 176.913677 39.339968999999996 20.553292999999996 -21.419781 1.721707 51.943176
1 2 Car 285.843327 175.734031 40.75219900000002 21.04971500000002 -21.343011 1.634904 50.756371
2 2 Car 278.933162 176.461573 42.252850000000024 21.574874000000023 -21.264865 1.678346 49.568205
3 2 Car 271.670578 177.226240 43.849751000000026 22.126823 -21.186720 1.721789 48.380038
4 2 Car 264.027908 178.030947 45.551931999999965 22.707668000000012 -21.108574 1.765232 47.191872
5 2 Car 255.974510 178.878923 47.36954800000001 23.319737000000003 -21.030428 1.808674 46.003706
6 2 Car 246.346775 179.705091 49.34222600000001 23.95603 -21.029748 1.848203 44.833062
7 2 Car 236.180418 180.577446 51.45956700000002 24.627982000000003 -21.029068 1.887731 43.662418
8 2 Car 225.901754 179.255363 53.694761 25.33304100000001 -21.003027 1.800589 42.494195
9 2 Car 215.015309 177.855164 56.10227900000001 26.07971599999999 -20.976986 1.713447 41.325971
10 2 Car 203.465534 176.369717 58.701325 26.871802000000002 -20.950945 1.626305 40.157748
11 2 Car 192.891357 177.627758 61.45265900000001 27.70494099999999 -20.844275 1.685586 39.007356
12 2 Car 181.643434 178.966173 64.42337999999998 28.59104500000001 -20.737605 1.744866 37.856964
13 2 Car 169.655240 180.392916 67.639254 29.53533299999998 -20.630935 1.804147 36.706573
14 2 Car 156.851198 181.790196 71.130077 30.670559999999995 -20.524265 1.863427 35.556181
15 2 Car 143.145073 183.252455 74.930476 31.91936100000001 -20.417595 1.922708 34.405789
16 2 Car 127.899877 183.340381 79.228891 33.070595999999995 -20.348354 1.910880 33.281701
17 2 Car 111.530595 183.434150 83.923697 34.30744200000001 -20.279112 1.899051 32.157612
18 2 Car 93.908079 183.534365 89.069036 35.639808999999985 -20.209870 1.887222 31.033523
19 2 Car 74.882615 183.641712 94.72894899999999 37.07919799999999 -20.140628 1.875394 29.909435
20 2 Car 54.279643 183.756980 100.979672 38.639032000000014 -20.071387 1.863565 28.785347
21 2 Car 31.614639 183.873678 107.567055 40.27962099999999 -20.045644 1.851917 27.696963
22 2 Car 3.687565 184.018944 115.75530099999999 42.256258 -20.040288 1.839331 26.498292
23 2 Car 0.000000 184.162121 100.028218 43.96943599999997 -20.039124 1.828005 25.415846
24 2 Car 0.000000 184.343243 75.798369 45.218999999999994 -20.063821 1.815689 24.212665
25 2 Car 0.000000 184.527133 51.311306 44.980131 -20.095492 1.804519 23.111986
6 3 Car 276.432623 179.030816 43.53038000000004 20.34213600000001 -21.157471 1.747549 49.022464
7 3 Car 268.118532 180.809344 45.20138700000001 20.882339 -21.138959 1.851869 47.835150
8 3 Car 259.511322 179.652510 46.97339099999999 21.418429000000003 -21.112441 1.765919 46.650139
9 3 Car 250.437366 178.418814 48.869237999999996 21.99770699999999 -21.085924 1.679968 45.465128
10 3 Car 240.857641 177.116362 50.90148199999999 22.609251 -21.059406 1.594017 44.280117
11 3 Car 230.728648 175.739243 53.08436000000003 23.25583400000002 -21.032889 1.508066 43.095106
12 3 Car 222.158522 177.228977 55.288251 23.906418000000002 -20.916988 1.586613 41.973154
13 3 Car 213.097505 178.804366 57.64716899999996 24.594047000000018 -20.801087 1.665161 40.851201
14 3 Car 203.502164 180.473014 60.177257999999995 25.321976000000006 -20.685186 1.743709 39.729248
15 3 Car 193.323787 182.092349 62.89690599999997 26.244958999999994 -20.569286 1.822257 38.607295
16 3 Car 182.507553 183.797888 65.827133 27.241186999999996 -20.453385 1.900804 37.485343
17 3 Car 174.138470 183.745482 68.58550399999999 28.098342000000002 -20.204109 1.881437 36.389581
18 3 Car 160.144694 183.880170 72.078934 29.055226000000005 -20.174193 1.871423 35.266377
19 3 Car 145.181023 184.023285 75.885029 30.079373000000004 -20.144277 1.861408 34.143174
20 3 Car 129.142998 184.175644 80.04455199999998 31.178122000000002 -20.114360 1.851394 33.019970
21 3 Car 111.910604 184.338171 84.60531699999999 32.35992000000002 -20.084444 1.841379 31.896767
22 3 Car 92.303094 186.719837 89.73287699999999 33.92492999999999 -20.086134 1.930707 30.757746
23 3 Car 71.863905 185.823194 95.32005 35.19543200000001 -20.059349 1.869820 29.620467
24 3 Car 49.685630 184.859165 101.52962199999999 36.565146999999996 -20.032565 1.808933 28.483189
25 3 Car 25.536449 183.819859 108.46255199999999 38.046209000000005 -20.005780 1.748047 27.345910
26 3 Car 0.000000 182.696100 115.383064 39.64432500000001 -19.978996 1.687160 26.208631
27 3 Car 0.000000 184.320965 93.002039 41.53724399999999 -20.012190 1.731695 25.043980
28 3 Car 0.000000 186.093163 68.590501 42.44523699999999 -20.045384 1.776230 23.879330
29 3 Car 0.000000 188.033685 41.858999 42.202033 -20.078578 1.820764 22.714679
55 4 Car 244.309392 181.670045 41.19897500000002 19.364342000000022 -27.542839 2.183087 57.675398
56 4 Car 239.589583 182.120653 42.41992899999997 19.769047999999998 -27.371778 2.207352 56.645588
57 4 Car 234.688269 182.587329 43.69742400000001 20.190616999999975 -27.200716 2.231617 55.615778
58 4 Car 229.493677 182.223534 45.043206 20.557760000000002 -27.037006 2.189137 54.585993
59 4 Car 224.091320 181.846289 46.454218000000026 20.938476999999978 -26.873296 2.146657 53.556208
60 4 Car 218.468472 181.454835 47.935123000000004 21.33353600000001 -26.709585 2.104177 52.526424
61 4 Car 212.724192 180.709009 49.488388000000015 21.764959000000005 -26.514764 2.038130 51.451768
62 4 Car 206.724120 179.898168 51.125843 22.247377999999998 -26.319943 1.972083 50.377113
63 4 Car 198.634296 179.673610 53.02077399999999 22.758800000000008 -26.237827 1.946742 49.292145
64 4 Car 190.297167 179.940798 55.01746399999999 23.295780000000008 -26.147381 1.953528 48.207502
65 4 Car 181.299602 182.514424 57.163276999999994 24.01192800000001 -26.071307 2.112471 47.119948
66 4 Car 172.325260 185.542900 59.40674600000003 24.92489900000001 -25.957616 2.300258 46.016498
67 4 Car 162.460202 187.917062 61.839225 25.817313000000013 -25.868455 2.435991 44.911765
68 4 Car 152.700890 184.708052 64.36797900000002 26.156671999999986 -25.747163 2.208319 43.813555
69 4 Car 142.413391 181.342031 67.07089300000001 26.497622000000007 -25.625870 1.980647 42.715346
70 4 Car 131.330043 179.222170 69.99084500000001 27.186110999999983 -25.515555 1.849133 41.615266
71 4 Car 120.076610 179.413865 73.13124599999999 27.96437400000002 -25.380517 1.849595 40.517668
72 4 Car 108.161273 179.616862 76.50464 28.788426000000015 -25.245480 1.850057 39.420069
73 4 Car 95.523854 179.832191 80.136282 29.66243 -25.110442 1.850520 38.322471
74 4 Car 81.756866 181.293558 84.096249 30.65241900000001 -24.990748 1.913706 37.223289
75 4 Car 67.799348 178.888498 88.292964 31.57462799999999 -24.841072 1.784651 36.127972
76 4 Car 53.403463 178.699782 92.778026 32.590384 -24.693805 1.767071 35.067327
77 4 Car 38.051848 178.498478 97.63573199999999 33.673675 -24.546539 1.749491 34.006681
78 4 Car 21.646020 178.283285 102.91157899999999 34.831467 -24.399272 1.731911 32.946036
79 4 Car 4.073487 178.052714 108.658457 36.071721999999994 -24.252006 1.714331 31.885391
80 4 Car 0.000000 177.805056 100.14332 37.228902000000005 -24.104739 1.696751 30.824745
81 4 Car 0.000000 177.041544 86.137532 38.44968700000001 -23.966389 1.659993 29.740620
82 4 Car 0.000000 176.313670 71.142865 39.039221 -23.828038 1.623236 28.656494
83 4 Car 0.000000 175.621957 55.050806 39.23053999999999 -23.689688 1.586479 27.572368
84 4 Car 0.000000 174.918886 37.736369 39.438751000000025 -23.551338 1.549721 26.488242
85 4 Car 0.000000 174.203546 19.054835 39.664117000000005 -23.412988 1.512964 25.404116
64 5 Van 360.562070 169.402958 26.887347999999974 24.388630999999975 -26.792660 2.324731 82.067608
65 5 Van 355.450028 170.024040 28.15905600000002 25.216566 -26.434714 2.403402 79.467956
66 5 Van 349.821776 174.032076 29.550526999999988 26.114045000000004 -26.091071 2.826669 76.862868
67 5 Van 344.379967 176.046588 31.01936999999998 27.067548999999985 -25.691331 3.022756 74.265977
68 5 Van 337.708927 172.067898 32.679974999999956 28.075221 -25.369608 2.629849 71.668122
69 5 Van 330.516122 167.778374 34.499461 29.16122199999998 -25.047885 2.236941 69.070267
70 5 Van 323.197868 163.388733 36.44857099999996 30.287194999999997 -24.724437 1.864727 66.575091
71 5 Van 315.197105 163.925682 38.60070099999996 31.523611000000017 -24.406205 1.943345 64.074279
72 5 Van 306.517553 164.508168 40.976099999999974 32.865042999999986 -24.087972 2.021963 61.573466
73 5 Van 297.068991 165.142240 43.60962699999999 34.325462000000016 -23.769739 2.100582 59.072654
74 5 Van 286.744467 165.835064 46.543519 35.92143900000002 -23.451506 2.179200 56.571842
75 5 Van 275.936982 164.826570 49.835938 37.63507899999999 -23.112615 2.130983 54.114499
76 5 Van 264.047127 163.717005 53.530013 39.520459999999986 -22.773725 2.082766 51.657156
77 5 Van 250.903687 162.490375 57.70012000000003 41.604761999999994 -22.434834 2.034549 49.199813
78 5 Van 236.297327 161.127123 62.439471000000026 43.921220999999974 -22.095943 1.986332 46.742470
79 5 Van 219.823543 159.081772 67.88314699999998 46.50936300000001 -21.765372 1.907962 44.284956
80 5 Van 200.478475 157.047020 74.29201899999998 49.42025799999999 -21.478977 1.844083 41.829518
81 5 Van 178.551148 154.740371 81.76976400000001 52.720089 -21.192581 1.780204 39.374081
82 5 Van 152.983160 152.942222 90.660034 56.49784600000001 -20.929114 1.756311 36.917022
83 5 Van 123.473226 150.866543 101.281211 60.858644 -20.665646 1.732419 34.459964
84 5 Van 89.033449 148.443705 114.15038499999999 65.948748 -20.402179 1.708526 32.002906
85 5 Van 43.959199 144.992030 130.80383999999998 72.13102699999999 -20.256386 1.665049 29.484159
86 5 Van 0.000000 142.011727 141.509622 79.47359399999999 -20.110170 1.661647 26.964993
87 5 Van 0.000000 139.427506 102.070133 85.790909 -19.963954 1.658246 24.445827
88 5 Van 0.000000 140.025989 54.541441 86.138973 -19.817738 1.654845 21.926661
98 6 Car 277.201941 168.670866 43.72451000000001 19.452440000000024 -23.906762 1.146464 55.559746
99 6 Car 270.250441 171.906554 45.151341 19.891750000000002 -23.867909 1.388613 54.381088
100 6 Car 263.188786 172.135141 46.64440999999999 20.348210999999992 -23.815394 1.406400 53.204943
101 6 Car 255.688597 173.989430 48.23471900000001 20.82758100000001 -23.769709 1.536368 52.027541
102 6 Car 247.827681 175.932994 49.92196899999996 21.32995599999998 -23.724025 1.666336 50.850140
103 6 Car 239.579368 177.972439 51.71476799999999 21.857030999999978 -23.678340 1.796304 49.672738
104 6 Car 230.496562 177.757603 53.65742099999997 22.414127000000008 -23.654754 1.774003 48.485574
105 6 Car 220.938756 177.531524 55.73059699999999 23.000370000000004 -23.631168 1.751702 47.298410
106 6 Car 210.867689 177.293294 57.94700900000001 23.618112999999994 -23.607582 1.729401 46.111246
107 6 Car 200.240877 177.041908 60.32101 24.269960999999995 -23.583995 1.707100 44.924081
108 6 Car 189.011012 176.776243 62.86884499999999 24.958821999999998 -23.560409 1.684799 43.736917
109 6 Car 176.562837 177.401401 65.756001 25.727835999999996 -23.530890 1.713149 42.487395
110 6 Car 163.323971 178.066310 68.88012 26.54568900000001 -23.501370 1.741498 41.237872
111 6 Car 149.216606 178.774886 72.26947399999997 27.41718799999998 -23.471851 1.769848 39.988349
112 6 Car 134.152383 179.531575 75.956794 28.347790000000003 -23.442331 1.798197 38.738826
113 6 Car 118.030529 180.341452 79.98016999999999 29.343718999999993 -23.412812 1.826547 37.489304
114 6 Car 100.109316 179.894382 84.555319 30.449461999999983 -23.382483 1.791874 36.196908
115 6 Car 80.785061 179.412257 89.596365 31.641852 -23.352153 1.757201 34.904512
116 6 Car 59.886281 178.890784 95.17249100000001 32.931488 -23.321824 1.722527 33.612116
117 6 Car 37.212370 178.324942 101.366558 34.330771999999996 -23.291495 1.687854 32.319720
118 6 Car 12.527121 177.708817 108.27854 35.854309 -23.261166 1.653181 31.027324
119 6 Car 0.000000 177.573111 100.567876 37.426578999999975 -23.238956 1.638901 29.683534
120 6 Car 0.000000 177.424070 78.531946 39.016166999999996 -23.216747 1.624620 28.339745
121 6 Car 0.000000 177.410725 54.44708 39.07151399999998 -23.194538 1.610340 26.995955
122 6 Car 0.000000 177.396241 28.013586 39.131586 -23.172328 1.596059 25.652166
103 7 Car 311.326460 177.207200 37.04674299999999 17.950105000000008 -24.549294 1.903250 63.335242
104 7 Car 305.813687 177.139887 38.15306799999996 18.305824 -24.514780 1.890482 62.148567
105 7 Car 300.078011 177.069855 39.31693899999999 18.675927 -24.480265 1.877714 60.961892
106 7 Car 294.105636 176.996937 40.542665 19.06130300000001 -24.445750 1.864945 59.775216
107 7 Car 287.881601 176.920950 41.83498400000002 19.462918000000002 -24.411236 1.852177 58.588541
108 7 Car 281.389655 176.841697 43.19910599999997 19.88181899999998 -24.376721 1.839409 57.401865
109 7 Car 274.568678 177.418718 44.69695300000001 20.343812999999983 -24.316972 1.875678 56.154390
110 7 Car 267.424447 178.023052 46.285815000000014 20.82774999999998 -24.257222 1.911947 54.906915
111 7 Car 259.933425 178.656686 47.97368899999998 21.335230999999993 -24.197473 1.948216 53.659440
112 7 Car 252.069733 179.321805 49.769503000000014 21.868015999999983 -24.137724 1.984485 52.411965
113 7 Car 243.804850 180.020813 51.68323800000002 22.428048999999987 -24.077975 2.020754 51.164490
114 7 Car 234.811929 178.951076 53.79638200000002 23.026725 -24.021731 1.937294 49.887158
115 7 Car 225.323414 177.822445 56.05969399999998 23.658323000000024 -23.965488 1.853834 48.609826
116 7 Car 215.297177 176.629918 58.488618 24.325637 -23.909244 1.770374 47.332494
117 7 Car 204.686172 175.367912 61.100693999999976 25.03178300000002 -23.853001 1.686914 46.055162
118 7 Car 193.633956 178.483558 63.89966499999997 25.79484500000001 -23.783979 1.866408 44.775713
119 7 Car 180.177657 179.082332 67.32968699999998 26.70209399999999 -23.717038 1.889303 43.334679
120 7 Car 165.742880 179.724583 71.08398699999998 27.675422999999995 -23.650098 1.912197 41.893644
121 7 Car 150.218870 180.415227 75.207131 28.72232200000002 -23.583157 1.935092 40.452610
122 7 Car 133.477504 181.124984 79.75181699999999 29.886421999999982 -23.516217 1.957987 39.011576
123 7 Car 115.365558 180.739737 84.77989300000002 31.068275999999997 -23.449911 1.920769 37.571170
124 7 Car 96.148864 180.749211 90.116748 32.31138100000001 -23.422023 1.906353 36.213307
125 7 Car 75.331145 180.759473 96.039528 33.65810699999997 -23.394135 1.891938 34.855443
126 7 Car 52.703617 180.770626 102.64142999999999 35.121973 -23.366247 1.877522 33.497579
127 7 Car 28.019553 180.782791 110.03536199999999 36.718957999999986 -23.338359 1.863107 32.139716
128 7 Car 0.985232 180.795938 118.359232 38.46825899999999 -23.310471 1.848692 30.781852
129 7 Car 0.000000 180.804930 98.790117 40.05249699999999 -23.278662 1.833936 29.402293
130 7 Car 0.000000 180.814740 76.363523 41.18617499999999 -23.246854 1.819180 28.022733
131 7 Car 0.000000 180.825486 51.796672 41.113309999999984 -23.215046 1.804424 26.643173
132 7 Car 0.000000 180.837309 24.767846 41.04633999999999 -23.183237 1.789668 25.263613