0 0 Van 296.744956 161.752147 158.481086 130.62065699999997 -4.552284 1.858523 13.410495
1 0 Van 294.898777 156.024256 157.30094100000002 128.59701299999998 -4.650955 1.766774 13.581085
2 0 Van 293.093560 150.470149 156.165665 126.634141 -4.749625 1.675025 13.751675
3 0 Van 291.328036 145.082168 155.072794 124.72934699999999 -4.848295 1.583277 13.922264
4 0 Van 290.287584 146.641981 154.09959500000002 122.83156400000001 -4.934786 1.601945 14.098646
5 0 Van 289.271282 148.155300 153.157575 120.98978199999999 -5.021277 1.620613 14.275029
6 0 Van 288.044118 147.111524 151.28251799999998 119.33223999999998 -5.118224 1.597464 14.439823
7 0 Van 286.853550 148.660413 149.468299 117.72821399999998 -5.214711 1.617953 14.604162
8 0 Van 285.694115 151.756923 147.709433 116.17204899999999 -5.310908 1.665835 14.768214
9 0 Van 284.544464 151.841430 145.990613 114.64669800000001 -5.407646 1.662509 14.932802
10 0 Van 283.445343 158.068578 144.33618900000005 113.18101300000001 -5.503235 1.767942 15.096252
11 0 Van 282.442928 158.381115 143.26568400000002 111.918845 -5.584318 1.770644 15.238743
12 0 Van 281.457376 158.686800 142.221362 110.68435499999998 -5.665401 1.773347 15.381234
13 0 Van 280.488280 158.985857 141.20228600000002 109.47664199999997 -5.746484 1.776050 15.523726
14 0 Van 279.535241 159.278498 140.207564 108.294846 -5.827567 1.778753 15.666217
15 0 Van 278.597877 159.564927 139.23634000000004 107.13814099999996 -5.908650 1.781455 15.808708
16 0 Van 278.583750 152.925649 136.74266799999998 106.15026600000002 -5.981431 1.653812 15.935761
17 0 Van 278.625653 158.179714 134.31358899999998 105.215643 -6.051844 1.750316 16.060472
18 0 Van 279.839832 165.295773 132.00811499999998 104.194457 -6.100129 1.884195 16.199139
19 0 Van 281.035508 172.027539 129.736474 103.43854199999998 -6.148414 2.018074 16.337805
20 0 Van 282.213139 178.423531 127.49785700000001 102.90269700000002 -6.196699 2.151953 16.476472
21 0 Van 287.104745 176.360481 123.24541500000004 101.79142300000001 -6.184840 2.109358 16.620804
22 0 Van 291.910208 172.671777 119.029266 100.59522799999999 -6.173353 2.031611 16.765504
23 0 Van 296.639845 169.034948 114.85339400000004 99.43429899999998 -6.161866 1.953864 16.910204
24 0 Van 301.316873 169.619277 110.72814399999999 98.56181699999996 -6.149430 1.965950 17.053965
25 0 Van 305.921995 170.196348 106.64163000000002 97.69653899999997 -6.136993 1.978037 17.197726
26 0 Van 313.520829 159.696804 101.25922300000002 96.37597600000004 -6.072986 1.753010 17.360436
27 0 Van 321.009905 154.092263 95.94190199999997 95.35287 -6.007883 1.631726 17.522061
28 0 Van 328.408812 156.477727 90.69550900000002 94.36051700000002 -5.941016 1.677461 17.681942
29 0 Van 334.340354 157.421483 88.08155099999999 93.281621 -5.850514 1.692951 17.857237
30 0 Van 338.488103 159.797883 87.16767499999997 92.30303699999999 -5.759661 1.741767 18.032184
31 0 Van 344.926937 158.820902 86.18806000000001 91.31644600000001 -5.570381 1.717663 18.206312
32 0 Van 351.793308 158.390273 85.13630999999998 90.402198 -5.394201 1.705520 18.369245
33 0 Van 360.278994 159.071024 88.52985899999999 89.490647 -5.176517 1.718598 18.537312
34 0 Van 368.036714 157.652925 91.57365399999998 88.70010399999998 -4.971489 1.683825 18.675023
35 0 Van 374.644175 158.555612 97.69287399999996 88.11878300000001 -4.740171 1.703393 18.778498
36 0 Van 385.116458 156.864333 101.34225699999996 87.33382900000001 -4.448687 1.661889 18.912463
37 0 Van 395.509409 155.197587 104.85848800000002 86.55564899999999 -4.157203 1.620386 19.046428
38 0 Van 408.223938 156.585778 106.89758000000006 86.10164900000001 -3.808993 1.651402 19.120641
39 0 Van 420.865527 157.971829 108.89866999999998 85.62627699999999 -3.460783 1.682418 19.194854
40 0 Van 433.433068 159.355012 110.86604600000004 85.13038 -3.112573 1.713435 19.269068
41 0 Van 449.158946 160.904321 112.37606600000004 84.97488099999998 -2.676493 1.749317 19.291872
42 0 Van 464.855601 162.457394 113.88912200000004 84.966466 -2.240413 1.785200 19.314677
43 0 Van 480.519596 164.013369 115.41190800000004 84.94265299999998 -1.804334 1.821083 19.337482
44 0 Van 499.770269 163.278934 115.64764000000002 84.898527 -1.289517 1.803016 19.358767
45 0 Van 518.945823 162.547794 115.95392100000004 84.843075 -0.774701 1.784950 19.380053
46 0 Van 539.584766 161.199680 116.55051000000003 85.08748600000001 -0.214389 1.753212 19.339197
47 0 Van 560.277128 159.846832 117.22481300000004 85.32085799999999 0.345922 1.721474 19.298341
48 0 Van 581.018464 158.489775 117.98651099999995 85.54296599999998 0.906234 1.689736 19.257485
49 0 Van 601.804476 157.129043 118.84513400000003 85.75360700000002 1.466545 1.657998 19.216629
50 0 Van 622.631040 155.765177 119.81003899999996 85.952596 2.026856 1.626259 19.175774
51 0 Van 644.316221 155.158237 121.26789799999995 86.35684999999998 2.608513 1.613145 19.092670
52 0 Van 666.137741 154.549802 122.85566300000005 86.75036399999999 3.190170 1.600030 19.009566
53 0 Van 688.092054 153.940099 124.58602900000005 87.132837 3.771827 1.586915 18.926463
54 0 Van 710.175788 153.329359 126.47164799999996 87.50398899999999 4.353483 1.573801 18.843359
55 0 Van 732.385772 152.717807 128.52510800000005 87.86356800000001 4.935140 1.560686 18.760256
56 0 Van 754.522069 152.319774 131.77916000000005 88.380844 5.514587 1.553145 18.642508
57 0 Van 776.868831 151.923077 135.245676 88.883974 6.094033 1.545604 18.524761
58 0 Van 799.424313 151.527870 138.94226700000002 89.372593 6.673480 1.538063 18.407014
59 0 Van 822.187118 151.134297 142.88653499999998 89.84637999999998 7.252927 1.530522 18.289267
60 0 Van 845.156239 150.742486 147.09603800000002 90.305071 7.832373 1.522981 18.171520
61 0 Van 866.184807 150.558461 150.62132600000007 90.63777400000001 8.359084 1.519604 18.080045
62 0 Van 887.344384 150.377075 154.3754530000001 90.959159 8.885795 1.516227 17.988571
63 0 Van 908.634643 150.198327 158.36893399999997 91.269184 9.412506 1.512849 17.897097
64 0 Van 930.055522 150.022205 162.61210999999992 91.56783399999998 9.939216 1.509472 17.805622
65 0 Van 951.607253 149.848692 167.1151289999999 91.85512299999999 10.465927 1.506094 17.714148
66 0 Van 971.198382 150.674196 169.8914299999999 91.97394700000001 10.945658 1.523929 17.664767
67 0 Van 990.826921 151.503288 172.842583 92.08736300000001 11.425389 1.541763 17.615387
68 0 Van 1007.269808 152.416952 173.84145399999989 92.07145599999998 11.829076 1.561183 17.604040
69 0 Van 1023.697699 153.330554 174.9156180000001 92.05437 12.232764 1.580603 17.592693
70 0 Van 1040.110590 154.244054 176.06545099999994 92.036115 12.636451 1.600024 17.581346
71 0 Van 1051.795876 153.460498 176.13814300000013 91.57806099999999 12.970269 1.580631 17.649378
72 0 Van 1063.372088 152.684803 176.24874 91.124008 13.304087 1.561237 17.717411
73 0 Van 1074.840801 151.916866 166.15919899999994 90.67390700000001 13.637905 1.541844 17.785443
74 0 Van 1082.841889 153.592557 158.15811099999996 89.850998 13.934043 1.574691 17.921069
75 0 Van 1090.710612 155.238174 150.28938799999992 89.04238800000002 14.230181 1.607537 18.056696
76 0 Van 1093.359395 157.151782 147.64060500000005 87.684136 14.447119 1.645779 18.337329
77 0 Van 1095.973133 159.008522 145.02686700000004 86.36297099999999 14.664058 1.684022 18.617962
78 0 Van 1098.552544 160.810712 142.4474560000001 85.07735400000001 14.880996 1.722265 18.898595
79 0 Van 1101.098289 162.560538 139.90171099999998 83.82583599999998 15.097935 1.760508 19.179228
80 0 Van 1103.610976 164.260074 137.38902400000006 82.60704100000001 15.314873 1.798750 19.459861
81 0 Van 1098.528654 165.793200 140.54815600000006 80.87764999999999 15.407423 1.833020 19.862595
82 0 Van 1093.662917 167.263913 134.46859099999983 79.21484899999999 15.499973 1.867289 20.265330
83 0 Van 1087.115233 166.434911 128.5085039999999 77.457378 15.564713 1.843429 20.705246
84 0 Van 1080.848808 165.642395 122.80089999999996 75.77212400000002 15.629453 1.819570 21.145163
85 0 Van 1074.847390 164.884183 117.32721300000003 74.15469299999998 15.694193 1.795710 21.585079
86 0 Van 1063.335072 165.343128 110.38218899999993 72.232451 15.637236 1.803800 22.137284
87 0 Van 1052.388630 165.780115 103.79808600000001 70.399566 15.580278 1.811891 22.689488
88 0 Van 1041.970401 166.196679 97.54147699999999 68.649888 15.523321 1.819981 23.241693
89 0 Van 1032.045855 166.594219 91.58299399999987 66.97782699999999 15.466364 1.828072 23.793898
90 0 Van 1022.583261 166.974008 85.89676299999996 65.37829200000002 15.409406 1.836162 24.346102
91 0 Van 1007.987936 167.535280 80.35460699999999 63.781363999999996 15.174484 1.850411 24.924038
92 0 Van 994.052754 168.071125 75.0897809999999 62.252476 14.939562 1.864660 25.501973
93 0 Van 980.736953 168.583172 70.0759220000001 60.787362 14.704640 1.878909 26.079909
94 0 Van 968.002930 169.072916 65.28985100000011 59.382113000000004 14.469718 1.893158 26.657845
95 0 Van 955.815916 169.541730 60.71116499999994 58.033142 14.234796 1.907407 27.235780
96 0 Van 941.163412 171.823091 57.62110500000006 56.676514999999995 13.922710 1.986017 27.839630
97 0 Van 927.136595 174.000569 55.92352499999993 55.37790799999999 13.610624 2.064628 28.443480
98 0 Van 910.417947 173.760176 54.38734099999999 54.295056999999986 13.140336 2.057342 28.967210
99 0 Van 894.291008 173.529444 52.938631999999984 53.25006399999998 12.670048 2.050057 29.490941
100 0 Van 878.726892 173.307887 51.570004999999924 52.240995999999996 12.199760 2.042771 30.014672
101 0 Van 862.773124 172.823722 50.23702899999989 51.24202700000001 11.657798 2.025293 30.549744
102 0 Van 844.871776 172.359099 51.44655900000009 50.27224500000003 11.115835 2.007816 31.084816
103 0 Van 827.516039 171.913206 52.675336000000016 49.330523 10.573873 1.990338 31.619888
104 0 Van 811.210616 171.473691 49.96617900000001 48.551345 9.950850 1.971754 32.086805
105 0 Van 795.339646 171.047867 47.41247699999997 47.796231000000006 9.327827 1.953170 32.553722
106 0 Van 778.556026 171.242246 48.199066000000016 47.158552000000014 8.692406 1.961174 32.946593
107 0 Van 762.154621 171.432636 48.98799999999994 46.62158600000001 8.056986 1.969177 33.339463
108 0 Van 746.121391 171.619153 49.780460999999946 46.09216999999998 7.421565 1.977181 33.732334
109 0 Van 730.443080 171.801914 50.577278999999976 45.57011399999999 6.786144 1.985185 34.125205
110 0 Van 714.655354 171.862232 49.13416300000006 45.163486000000006 6.061219 1.987643 34.423228
111 0 Van 699.117094 171.921543 47.76374200000009 44.763431 5.336294 1.990102 34.721251
112 0 Van 683.822120 171.979873 46.463616 44.369789999999995 4.611369 1.992560 35.019274
113 0 Van 668.764462 172.037249 45.23147200000005 43.982406999999995 3.886444 1.995019 35.317297
114 0 Van 653.938348 172.093696 44.065076999999974 43.60113000000001 3.161519 1.997477 35.615320
115 0 Van 639.338195 172.149238 42.96228099999996 43.225814000000014 2.436594 1.999936 35.913343
116 0 Van 624.958603 172.203899 41.92100899999991 42.85631699999999 1.711669 2.002394 36.211366
117 0 Van 610.794349 172.257701 40.939256 42.492504999999994 0.986744 2.004853 36.509389
118 0 Van 595.280194 172.299709 41.230278999999996 42.27634699999999 0.210804 2.007036 36.697671
119 0 Van 579.907008 172.341744 41.55259799999999 42.06001699999999 -0.565137 2.009219 36.885953
120 0 Van 564.671993 172.383805 41.906991999999946 41.84354000000002 -1.341077 2.011402 37.074234
121 0 Van 549.572451 172.425890 42.29411700000003 41.62693999999999 -2.117017 2.013586 37.262516
122 0 Van 534.605795 172.467997 42.714504000000034 41.410245 -2.892958 2.015769 37.450798
123 0 Van 519.769520 172.510124 43.16856799999994 41.19348200000002 -3.668898 2.017952 37.639080
124 0 Van 504.592739 172.556715 42.510118999999975 41.08394100000001 -4.487671 2.020306 37.734433
125 0 Van 489.478364 172.603142 41.88511299999999 40.97446200000002 -5.306443 2.022661 37.829787
126 0 Van 474.425719 172.649406 41.29368800000003 40.865047000000004 -6.125216 2.025015 37.925141
127 0 Van 459.434146 172.695508 40.735960999999975 40.75569900000002 -6.943989 2.027370 38.020494
128 0 Van 444.502995 172.741447 40.21203600000001 40.646423 -7.762761 2.029724 38.115848
129 0 Van 438.058010 172.818655 39.11031799999995 40.468886 -8.164352 2.033578 38.273813
130 0 Van 431.664850 172.895218 38.020276000000024 40.29285999999999 -8.565944 2.037432 38.431778
131 0 Van 424.918199 172.971143 37.34643599999998 40.11832899999999 -8.967535 2.041286 38.589743
132 0 Van 423.028963 172.928279 37.12672200000003 39.852258000000006 -9.118553 2.039116 38.831254
133 0 Van 418.959034 172.927611 37.11152500000003 39.785852999999975 -9.340582 2.039088 38.892100
134 0 Van 422.496059 172.043109 36.846735000000024 39.53070600000001 -9.220050 1.993499 39.117550
135 0 Van 425.989979 171.169266 36.58559500000001 39.278796 -9.099519 1.947909 39.343001
136 0 Van 429.441578 170.305890 36.32803100000001 39.030062999999984 -8.978987 1.902320 39.568451
137 0 Van 437.010839 169.346680 36.016481 38.754997 -8.622882 1.851026 39.823725
138 0 Van 444.478400 168.399604 35.71297699999997 38.484545 -8.266776 1.799733 40.079000
139 0 Van 451.846223 167.464456 35.41722499999997 38.21859999999998 -7.910670 1.748439 40.334274
140 0 Van 462.596258 168.479981 35.06596300000001 37.940359 -7.377377 1.800699 40.625628
141 0 Van 473.183385 169.481233 34.72758600000003 37.664817 -6.844083 1.852960 40.916983
142 0 Van 482.684192 169.493093 34.42660900000004 37.40023000000002 -6.351123 1.852295 41.191189
143 0 Van 492.051912 169.504973 34.13545599999998 37.138903 -5.858162 1.851630 41.465395
144 0 Van 501.289174 169.516870 33.85370599999999 36.880776 -5.365202 1.850965 41.739601
145 0 Van 509.989028 167.880735 33.62841999999995 36.667681000000016 -4.894958 1.759441 41.957040
146 0 Van 518.593129 166.261375 33.410307999999986 36.458428000000026 -4.424714 1.667916 42.174479
147 0 Van 527.012219 165.761275 33.200603 36.26007899999999 -3.959365 1.638009 42.390614
148 0 Van 535.340037 165.266318 32.99748099999999 36.064164999999974 -3.494016 1.608101 42.606748
149 0 Van 543.577974 164.776437 32.800719999999956 35.870642000000004 -3.028667 1.578194 42.822882
150 0 Van 551.727394 164.291564 32.61010399999998 35.67947000000001 -2.563318 1.548286 43.039017
151 0 Van 557.003184 165.677241 32.52320099999997 35.597093 -2.247927 1.625858 43.139691
152 0 Van 562.252888 167.057029 32.43775800000003 35.51350199999999 -1.932536 1.703430 43.240366
153 0 Van 567.476659 168.430941 32.35373399999992 35.42871600000001 -1.617146 1.781002 43.341040
0 1 Cyclist 737.619499 161.531951 193.49272999999994 212.468049 1.640400 1.675660 5.776261
1 1 Cyclist 745.017137 156.393157 193.822585 217.606843 1.700640 1.640419 5.778596
2 1 Cyclist 752.406083 151.248515 194.15640700000006 222.751485 1.760880 1.605178 5.780931
3 1 Cyclist 759.786603 146.098339 194.493557 227.901661 1.821119 1.569936 5.783265
4 1 Cyclist 767.158958 140.942948 194.83340199999998 233.057052 1.881359 1.534695 5.785600
5 1 Cyclist 766.121990 144.055024 198.14594699999998 229.944976 1.895126 1.554621 5.811552
6 1 Cyclist 765.129111 147.124585 201.30899499999998 226.875415 1.908893 1.574546 5.837503
7 1 Cyclist 764.180855 150.151704 204.32266100000004 223.848296 1.922660 1.594472 5.863455
8 1 Cyclist 763.277750 153.136487 207.18715300000008 220.863513 1.936427 1.614397 5.889406
9 1 Cyclist 762.420320 156.079075 209.90276900000003 217.920925 1.950193 1.634322 5.915358
10 1 Cyclist 760.775609 156.367066 207.189073 217.632934 1.950046 1.634862 5.980300
11 1 Cyclist 759.161786 156.647830 204.55355099999997 217.35217 1.949899 1.635402 6.045242
12 1 Cyclist 757.577998 156.921635 201.99299500000006 217.078365 1.949752 1.635942 6.110184
13 1 Cyclist 756.023423 157.188738 199.504367 216.811262 1.949604 1.636481 6.175126
14 1 Cyclist 754.497271 157.449381 197.08478300000002 216.550619 1.949457 1.637021 6.240068
15 1 Cyclist 748.576297 161.920691 196.37819100000002 212.079309 1.925884 1.669392 6.326126
16 1 Cyclist 742.822419 166.233928 195.65943700000003 207.766072 1.902311 1.701763 6.412183
17 1 Cyclist 737.230710 170.396261 194.9258719999999 203.603739 1.878737 1.734134 6.498241
18 1 Cyclist 731.796500 174.414472 194.17505399999993 199.585528 1.855164 1.766505 6.584298
19 1 Cyclist 726.515358 178.294983 193.404722 195.705017 1.831591 1.798876 6.670355
20 1 Cyclist 718.531351 177.437178 191.969018 196.562822 1.779747 1.792479 6.761353
21 1 Cyclist 710.755958 176.610636 190.57425999999998 197.389364 1.727903 1.786082 6.852350
22 1 Cyclist 703.182825 175.813928 189.21503300000006 198.186072 1.676059 1.779685 6.943347
23 1 Cyclist 695.805929 175.045702 187.84568000000002 198.954298 1.624215 1.773288 7.034344
24 1 Cyclist 688.619556 174.304678 186.48403800000006 199.695322 1.572371 1.766891 7.125341
25 1 Cyclist 679.098134 172.161527 181.97174600000005 201.61698399999997 1.477971 1.747422 7.216373
26 1 Cyclist 669.797166 170.075950 177.61683900000003 198.59385799999998 1.383570 1.727953 7.307405
27 1 Cyclist 660.709081 168.045656 173.411831 195.66028 1.289170 1.708484 7.398437
28 1 Cyclist 651.826656 166.068480 169.34967800000004 192.81234700000002 1.194770 1.689015 7.489468
29 1 Cyclist 643.142988 164.118351 165.42375400000003 190.07039 1.100370 1.669546 7.580500
30 1 Cyclist 634.540834 163.653629 160.771925 187.94106200000002 0.997298 1.664201 7.655361
31 1 Cyclist 626.121953 163.199565 156.16672300000005 185.85463599999997 0.894226 1.658857 7.730222
32 1 Cyclist 617.880476 162.755840 151.60834799999998 183.80983999999998 0.791155 1.653512 7.805084
33 1 Cyclist 609.810771 162.321833 147.09696699999995 181.80576800000003 0.688083 1.648167 7.879945
34 1 Cyclist 601.907429 161.888070 142.63270799999998 179.850422 0.585011 1.642822 7.954806
35 1 Cyclist 595.878778 162.098541 139.06644500000004 178.994231 0.502101 1.644600 7.989120
36 1 Cyclist 589.923753 162.308147 135.47233399999993 178.14063000000002 0.419190 1.646378 8.023434
37 1 Cyclist 584.040764 162.516888 131.85224700000003 177.289651 0.336279 1.648156 8.057747
38 1 Cyclist 578.228252 162.724762 128.208035 176.441328 0.253368 1.649933 8.092061
39 1 Cyclist 572.484687 162.931768 124.541518 175.595694 0.170457 1.651711 8.126375
40 1 Cyclist 571.316466 164.186232 123.75601900000004 176.10135 0.152269 1.664894 8.107548
41 1 Cyclist 570.146443 165.448622 122.95712200000003 176.60711500000002 0.134081 1.678077 8.088720
42 1 Cyclist 568.974583 166.718999 122.1447609999999 177.11296199999998 0.115893 1.691260 8.069893
43 1 Cyclist 567.800847 167.997420 121.31886900000006 177.618864 0.097706 1.704442 8.051066
44 1 Cyclist 566.625199 169.283949 120.47937999999999 178.12479100000002 0.079518 1.717625 8.032238
45 1 Cyclist 572.311032 168.367076 119.699704 178.690471 0.137309 1.708537 8.007089
46 1 Cyclist 578.029185 167.441722 118.91664500000002 179.25613 0.195101 1.699448 7.981940
47 1 Cyclist 583.779938 166.507840 118.13023199999998 179.82178800000003 0.252892 1.690360 7.956791
48 1 Cyclist 589.563576 165.565387 117.34048999999993 180.38746300000003 0.310684 1.681272 7.931642
49 1 Cyclist 595.380399 164.614323 116.54742699999997 180.953174 0.368475 1.672183 7.906493
50 1 Cyclist 605.792671 164.104341 115.35813499999995 181.19293100000002 0.474743 1.667415 7.892890
51 1 Cyclist 616.232216 163.591893 114.17102499999999 181.42087999999998 0.581010 1.662646 7.879286
52 1 Cyclist 626.699801 163.077061 112.98483599999997 181.63704100000004 0.687278 1.657877 7.865682
53 1 Cyclist 637.196218 162.559935 111.79824699999995 181.84143899999998 0.793545 1.653108 7.852079
54 1 Cyclist 647.722298 162.040604 110.60986200000002 182.034117 0.899813 1.648340 7.838475
55 1 Cyclist 667.752690 161.417550 103.03141399999993 181.08162099999998 1.080956 1.642247 7.853299
56 1 Cyclist 687.794349 160.807413 95.14967100000001 180.454673 1.262099 1.636155 7.868123
57 1 Cyclist 706.210236 160.211597 88.60832400000004 180.67214899999996 1.443242 1.630062 7.882947
58 1 Cyclist 717.747406 159.631412 88.6690440000001 180.75579799999997 1.624386 1.623969 7.897771
59 1 Cyclist 738.010347 157.673069 89.12023999999997 180.899835 1.857756 1.604900 7.899165
60 1 Cyclist 753.761984 157.199240 89.83465000000001 181.771672 2.039147 1.600756 7.871332
61 1 Cyclist 769.598145 156.725110 90.56288799999993 182.620301 2.220538 1.596612 7.843499
62 1 Cyclist 785.516835 156.250892 92.22305299999994 183.44481399999998 2.401929 1.592467 7.815666
63 1 Cyclist 801.516166 155.776802 95.39750500000002 184.24434599999998 2.583320 1.588323 7.787832
64 1 Cyclist 817.594385 155.303054 98.68742699999996 185.01807999999997 2.764710 1.584178 7.759999
65 1 Cyclist 836.011330 156.247287 99.06800099999998 183.72332400000002 2.982311 1.591726 7.807655
66 1 Cyclist 854.127339 157.180218 99.59460100000001 182.432194 3.199912 1.599274 7.855311
67 1 Cyclist 871.949093 158.101848 100.26332400000001 181.14493000000002 3.417513 1.606822 7.902966
68 1 Cyclist 889.483192 159.012186 101.07019600000001 179.86176699999996 3.635114 1.614370 7.950622
69 1 Cyclist 906.736163 159.911243 102.01117599999998 178.582941 3.852715 1.621918 7.998278
70 1 Cyclist 919.028751 159.395918 100.28672699999993 177.61607200000003 3.997807 1.616157 8.036273
71 1 Cyclist 931.193328 158.886130 98.60037799999998 176.659547 4.142899 1.610395 8.074268
72 1 Cyclist 943.231880 158.381789 96.95128999999997 175.713203 4.287990 1.604634 8.112262
73 1 Cyclist 955.146347 157.882810 95.33864600000004 174.776878 4.433082 1.598873 8.150257
74 1 Cyclist 966.938637 157.389109 94.32310000000007 173.85041300000003 4.578174 1.593112 8.188252
75 1 Cyclist 967.918669 159.153733 92.83335199999999 170.977106 4.647763 1.608511 8.309849
76 1 Cyclist 968.868913 160.861034 91.38991299999998 168.197196 4.717352 1.623911 8.431445
77 1 Cyclist 969.790711 162.513759 89.99064800000008 165.50620200000003 4.786940 1.639310 8.553042
78 1 Cyclist 970.685324 164.114483 88.6335509999999 162.899925 4.856529 1.654709 8.674638
79 1 Cyclist 971.553940 165.665622 87.31673599999999 160.374426 4.926118 1.670109 8.796235
80 1 Cyclist 965.752570 166.935618 85.32800000000009 157.216665 4.930001 1.682712 8.954395
81 1 Cyclist 960.182351 169.706358 83.43262199999992 154.18657500000003 4.934069 1.712831 9.112372
82 1 Cyclist 954.804789 172.130187 81.62069500000007 151.26884900000002 4.938108 1.740160 9.270378
83 1 Cyclist 949.549896 170.152687 79.87902400000007 148.439813 4.941612 1.716879 9.428913
84 1 Cyclist 944.487598 169.118887 78.21311099999991 145.717252 4.945226 1.704017 9.587339
85 1 Cyclist 936.836465 169.364757 76.46171800000002 142.98592200000002 4.911032 1.706320 9.752810
86 1 Cyclist 929.446249 169.601828 74.787601 140.351943 4.876837 1.708623 9.918281
87 1 Cyclist 922.304305 169.830563 73.18541300000004 137.81020499999997 4.842643 1.710926 10.083752
88 1 Cyclist 915.398782 170.051394 71.650259 135.35594800000004 4.808448 1.713229 10.249224
89 1 Cyclist 908.718562 170.264724 70.17764199999999 132.984737 4.774254 1.715532 10.414695
90 1 Cyclist 901.204419 170.545314 68.834293 130.96012199999998 4.727437 1.718782 10.560597
91 1 Cyclist 893.903769 170.817516 67.54261999999994 128.99602599999997 4.680620 1.722033 10.706499
92 1 Cyclist 886.807681 171.081702 66.29983100000004 127.08977499999997 4.633803 1.725283 10.852401
93 1 Cyclist 879.907716 171.338220 65.10332699999992 125.23884999999999 4.586986 1.728533 10.998303
94 1 Cyclist 873.195891 171.587397 63.950680000000034 123.440879 4.540169 1.731784 11.144205
95 1 Cyclist 866.117020 172.024361 63.51883399999997 121.70349900000002 4.493155 1.737732 11.289426
96 1 Cyclist 859.233946 172.449230 64.03430100000003 120.01406600000001 4.446142 1.743680 11.434646
97 1 Cyclist 852.538727 172.862498 64.50870799999996 118.370623 4.399128 1.749628 11.579866
98 1 Cyclist 846.023846 173.264629 64.94450199999994 116.771319 4.352115 1.755577 11.725087
99 1 Cyclist 839.682182 173.656068 65.34396100000004 115.21439600000002 4.305102 1.761525 11.870307
100 1 Cyclist 835.015903 173.374268 65.82981900000004 114.26819400000002 4.264556 1.757280 11.960378
101 1 Cyclist 830.426817 173.097063 66.29484200000002 113.337176 4.224010 1.753034 12.050449
102 1 Cyclist 825.913066 172.824345 66.73972200000003 112.42097899999999 4.183464 1.748788 12.140521
103 1 Cyclist 821.472853 172.556006 67.16512499999999 111.51925400000002 4.142918 1.744543 12.230592
104 1 Cyclist 817.104437 172.291945 67.571688 110.63165800000002 4.102372 1.740297 12.320663
105 1 Cyclist 814.032504 172.981635 67.36492199999998 110.041035 4.068226 1.751185 12.381705
106 1 Cyclist 810.991618 173.663999 67.15836000000002 109.45665400000001 4.034081 1.762073 12.442747
107 1 Cyclist 807.981314 174.339155 66.95201899999995 108.87841600000002 3.999935 1.772961 12.503790
108 1 Cyclist 805.001136 175.007214 66.74591800000007 108.30622500000001 3.965789 1.783848 12.564832
109 1 Cyclist 802.050638 175.668287 66.5400709999999 107.73998800000001 3.931643 1.794736 12.625874
110 1 Cyclist 797.967611 175.189864 63.02216599999997 107.318265 3.843106 1.787559 12.671761
111 1 Cyclist 793.948267 174.715900 59.48313200000007 106.886134 3.754569 1.780381 12.717649
112 1 Cyclist 789.990302 174.246560 55.9257859999999 106.44390300000003 3.666032 1.773204 12.763536
113 1 Cyclist 786.091377 173.782001 53.03376700000001 105.99190300000001 3.577495 1.766026 12.809424
114 1 Cyclist 782.249116 173.322370 52.812380000000076 105.53048900000002 3.488957 1.758849 12.855312
115 1 Cyclist 773.617869 174.073146 52.35010999999997 104.86767399999997 3.329392 1.771643 12.924461
116 1 Cyclist 763.472815 174.815187 53.483457000000044 104.20381599999999 3.169826 1.784437 12.993609
117 1 Cyclist 752.962953 175.548481 55.062274 103.53917900000002 3.010260 1.797231 13.062758
118 1 Cyclist 742.568964 176.273019 56.6047319999999 102.87403199999997 2.850695 1.810026 13.131907
119 1 Cyclist 732.288751 176.988801 58.11177399999997 102.20864300000002 2.691129 1.822820 13.201056
120 1 Cyclist 715.266090 176.587805 59.13020700000004 101.720796 2.400394 1.816620 13.263856
121 1 Cyclist 698.397872 176.192521 60.142007000000035 101.33961599999998 2.109658 1.810421 13.326655
122 1 Cyclist 681.680222 175.802998 61.15071599999999 100.94759299999998 1.818923 1.804221 13.389455
123 1 Cyclist 665.109458 175.419277 62.15956399999993 100.54484099999999 1.528187 1.798022 13.452254
124 1 Cyclist 648.682082 175.041388 63.17145699999992 100.13150899999997 1.237452 1.791822 13.515054
125 1 Cyclist 630.199835 174.765748 62.96134099999995 100.11736099999999 0.890260 1.787120 13.523073
126 1 Cyclist 611.721840 174.491469 62.78682900000001 100.09721200000001 0.543067 1.782419 13.531092
127 1 Cyclist 593.246715 174.218581 62.65072999999995 100.07104799999999 0.195875 1.777717 13.539111
128 1 Cyclist 574.773114 173.947115 62.555765000000065 100.03886299999999 -0.151318 1.773016 13.547130
129 1 Cyclist 556.299718 173.677100 62.50456099999997 100.000653 -0.498510 1.768314 13.555149
130 1 Cyclist 544.299278 174.645473 61.58287300000006 100.05944500000001 -0.731944 1.785500 13.550526
131 1 Cyclist 532.286072 175.614032 60.67062699999997 100.11874 -0.965378 1.802686 13.545903
132 1 Cyclist 523.864732 176.483440 60.125715000000014 100.04209399999999 -1.129240 1.818196 13.558219
133 1 Cyclist 515.454513 177.350710 59.59083599999997 99.96591599999999 -1.293103 1.833706 13.570535
134 1 Cyclist 507.055359 178.215845 59.066015999999934 99.8902 -1.456965 1.849215 13.582851
135 1 Cyclist 505.736781 176.236030 57.86971299999999 100.01043999999999 -1.490540 1.813816 13.561603
136 1 Cyclist 504.419453 174.247404 56.65607699999998 100.13276500000003 -1.524115 1.778417 13.540356
137 1 Cyclist 506.731799 172.087892 55.803286999999955 100.123314 -1.488018 1.740135 13.535587
138 1 Cyclist 509.046965 169.924434 54.94584599999996 100.11597700000002 -1.451921 1.701853 13.530817
139 1 Cyclist 511.364927 167.757076 54.08381600000001 100.110783 -1.415824 1.663571 13.526048
140 1 Cyclist 515.517146 168.494275 54.04473999999993 100.169904 -1.337755 1.676647 13.519163
141 1 Cyclist 519.672204 169.232720 54.00842499999999 100.22820800000002 -1.259687 1.689723 13.512279
142 1 Cyclist 523.830120 169.972410 53.974848000000065 100.28569000000002 -1.181619 1.702800 13.505394
143 1 Cyclist 527.990912 170.713341 53.943985 100.34234799999996 -1.103550 1.715876 13.498509
144 1 Cyclist 532.154598 171.455512 53.91581300000007 100.39817699999998 -1.025482 1.728952 13.491624
145 1 Cyclist 537.863361 170.041813 53.60222599999997 100.44901500000003 -0.920979 1.704102 13.481165
146 1 Cyclist 543.578543 168.624529 53.29256500000008 100.50093700000002 -0.816477 1.679252 13.470706
147 1 Cyclist 549.300215 167.203684 52.98673099999996 100.55395599999997 -0.711974 1.654402 13.460247
148 1 Cyclist 555.028444 165.779300 52.68463099999997 100.60808699999998 -0.607472 1.629553 13.449788
149 1 Cyclist 560.763302 164.351398 52.38616400000001 100.66334800000001 -0.502969 1.604703 13.439329
150 1 Cyclist 565.100759 166.268776 51.13432 100.86769499999997 -0.432672 1.638496 13.412023
151 1 Cyclist 569.457563 168.197948 49.87016199999994 101.06471299999998 -0.362374 1.672289 13.384716
152 1 Cyclist 573.720843 170.138865 48.70675600000004 101.254302 -0.292077 1.706082 13.357410
153 1 Cyclist 576.698660 172.091469 48.83623399999999 101.43637300000003 -0.221780 1.739875 13.330103
0 2 Pedestrian 1106.137292 166.576807 98.33333600000014 157.299337 6.301919 1.652419 8.455685
1 2 Pedestrian 1138.342096 160.872449 84.99610499999994 163.27433900000003 6.352093 1.593046 8.156156
2 2 Pedestrian 1151.358043 154.633575 72.33333400000015 169.74226099999998 6.409693 1.533561 7.859055
3 2 Pedestrian 1154.836779 148.360923 86.16322100000002 173.266165 6.463579 1.474131 7.560739
4 2 Pedestrian 1180.675035 151.025283 60.32496500000002 173.98992099999998 6.516488 1.497786 7.267796
5 2 Pedestrian 1208.535305 153.731062 32.46469499999989 174.55660699999999 6.569396 1.521441 6.974853