1 7 car 142 169 135 65 18.3191 9.54675 -0.758828
2 7 car 170 181 103 53 19.0845 9.64522 -0.84594
3 7 car 160 181 103 55 19.3577 9.67389 -0.896866
4 7 car 142 178 111 61 19.3577 9.67389 -0.896866
5 7 car 126 182 115 63 19.2709 9.6029 -0.875154
6 7 car 103 180 127 68 19.2134 9.61159 -0.776009
7 7 car 79 175 138 70 19.3652 9.75002 -0.896208
8 7 car 55 173 151 77 19.3652 9.75002 -0.896208
9 7 car 28 169 170 86 19.3652 9.75002 -0.896208
10 7 car 7 167 182 92 19.3347 9.78368 -0.797438
11 7 car 0 168 183 93 19.747 9.85285 -0.71365
12 7 car 0 173 177 92 20.4487 10.0487 -0.737354
13 7 car 0 173 172 93 20.4487 10.0487 -0.737354
14 7 car 0 179 157 92 20.1418 9.79804 -0.842687
15 7 car 0 180 144 91 20.3075 9.84754 -0.787684
16 7 car 0 182 127 86 21.1867 9.98846 -0.566769
17 7 car 0 184 111 82 21.1867 9.98846 -0.566769
18 7 car 0 185 95 78 21.9647 10.3678 -0.551845
19 7 car 0 186 80 74 22.0735 10.3565 -0.609623
20 7 car 0 188 68 72 22.3854 10.6218 -0.430508
