1 4 car 715 167 196 81 13.253 -3.03505 -0.0678833
2 4 car 732 168 163 77 13.5608 -3.13607 -0.0922007
3 4 car 739 168 160 95 13.7571 -3.33137 -0.0269783
4 4 car 743 169 163 90 13.7571 -3.33137 -0.0269783
5 4 car 757 170 175 91 12.9776 -3.06723 -0.240129
6 4 car 757 169 182 96 13.0046 -3.00483 -0.242161
7 4 car 771 169 207 97 13.9526 -3.19002 -0.179557
8 4 car 771 166 216 104 13.9526 -3.19002 -0.179557
9 4 car 782 163 219 112 13.9019 -3.25406 -0.127834
10 4 car 787 166 252 106 13.8432 -3.23709 -0.172682
11 4 car 805 163 264 118 14.0322 -3.13355 -0.15466
12 4 car 812 160 275 134 13.9205 -3.12059 -0.151417
13 4 car 822 159 302 146 13.9205 -3.12059 -0.151417
14 4 car 832 157 311 163 13.9205 -3.12059 -0.151417
15 4 car 854 163 310 168 12.0891 -2.51243 -0.059363
16 4 car 853 134 346 198 12.0891 -2.51243 -0.059363
17 4 car 892 171 319 175 13.8634 -3.11785 -0.205761
18 4 car 887 160 354 197 13.9896 -3.23674 -0.104341
19 4 car 888 147 353 205 14.0044 -3.11743 -0.12838
