1 0 car 562 173 89 85 13.7066 -0.539248 -0.888591
2 0 car 561 174 91 84 13.5732 -0.340069 -0.907346
3 0 car 561 173 93 86 13.5372 -0.281385 -0.816006
4 0 car 561 174 95 86 13.5372 -0.281385 -0.816006
5 0 car 560 175 96 86 13.5372 -0.281385 -0.816006
6 0 car 558 174 99 89 13.5372 -0.281385 -0.816006
7 0 car 561 175 97 89 15.9984 -0.235342 -0.822427
8 0 car 560 174 99 91 15.9984 -0.235342 -0.822427
9 0 car 559 173 102 92 12.2868 -0.0355101 -0.531616
10 0 car 559 174 102 93 12.2868 -0.0355101 -0.531616
11 0 car 560 174 102 94 15.9984 -0.235342 -0.822427
12 0 car 559 173 105 96 17.8628 -0.117535 -0.805256
13 0 car 560 175 103 95 17.8628 -0.117535 -0.805256
14 0 car 556 174 109 98 17.8628 -0.117535 -0.805256
15 0 car 559 175 107 98 17.8628 -0.117535 -0.805256
18 0 car 555 176 112 101 17.8628 -0.117535 -0.805256
19 0 car 555 177 114 100 17.8628 -0.117535 -0.805256
20 0 car 557 176 109 102 17.8628 -0.117535 -0.805256
21 0 car 558 178 109 100 17.8628 -0.117535 -0.805256
22 0 car 558 179 111 101 20.7553 -0.507935 -0.663965
23 0 car 559 180 110 99 20.7553 -0.507935 -0.663965
24 0 car 558 179 115 102 20.7553 -0.507935 -0.663965
25 0 car 561 181 108 100 20.7553 -0.507935 -0.663965
26 0 car 561 180 110 101 20.7553 -0.507935 -0.663965
27 0 car 561 180 106 100 20.7729 -0.504137 -0.713108
28 0 car 562 182 107 99 20.7729 -0.504137 -0.713108
29 0 car 563 181 107 98 20.7553 -0.507935 -0.663965
30 0 car 562 182 107 99 20.7361 -0.40822 -0.670882
31 0 car 566 182 101 95 20.7729 -0.504137 -0.713108
32 0 car 565 183 103 92 20.7084 -0.505535 -0.611482
33 0 car 563 183 104 92 20.6914 -0.398335 -0.622968
34 0 car 567 183 101 93 20.7084 -0.505535 -0.611482
35 0 car 563 184 104 92 20.7084 -0.505535 -0.611482
36 0 car 566 185 97 90 20.7084 -0.505535 -0.611482
37 0 car 566 185 97 88 19.8155 -0.424147 -0.462488
38 0 car 567 186 92 85 19.8155 -0.424147 -0.462488
39 0 car 565 185 96 86 19.8155 -0.424147 -0.462488
40 0 car 569 186 86 82 20.7228 -0.466188 -0.526783
41 0 car 569 188 87 81 20.1175 -0.406545 -0.385595
42 0 car 569 188 83 79 20.6731 -0.444956 -0.446463
43 0 car 569 189 81 75 20.1175 -0.406545 -0.385595
44 0 car 567 188 83 76 20.6731 -0.444956 -0.446463
45 0 car 567 188 76 74 20.6731 -0.444956 -0.446463
46 0 car 567 189 77 69 34.8855 -0.584282 -0.816301
47 0 car 566 189 77 68 34.8855 -0.584282 -0.816301
48 0 car 567 187 74 71 34.8855 -0.584282 -0.816301
49 0 car 567 187 72 65 34.8855 -0.584282 -0.816301
50 0 car 569 186 68 65 34.8855 -0.584282 -0.816301
51 0 car 570 187 65 63 34.8855 -0.584282 -0.816301
52 0 car 570 185 64 64 39.6807 -0.501837 -0.698839
53 0 car 571 186 64 62 36.97 0.0946286 -0.513176
54 0 car 572 187 62 59 36.97 0.0946286 -0.513176
55 0 car 573 185 61 60 36.97 0.0946286 -0.513176
56 0 car 572 185 63 59 35.978 0.306557 -0.418595
57 0 car 575 184 59 58 36.97 0.0946286 -0.513176
58 0 car 575 184 59 59 36.97 0.0946286 -0.513176
59 0 car 575 185 58 54 45.1224 -0.291243 -0.799402
60 0 car 576 184 58 56 45.1224 -0.291243 -0.799402
61 0 car 576 183 56 53 45.1224 -0.291243 -0.799402
62 0 car 577 179 57 56 45.1224 -0.291243 -0.799402
63 0 car 577 174 56 54 45.1224 -0.291243 -0.799402
70 0 car 579 175 56 50 50.8975 0.583182 -0.66106
71 0 car 582 178 52 49 58.005 0.727673 -0.411651
73 0 car 584 184 51 50 58.005 0.727673 -0.411651
79 0 car 585 177 48 46 67.2198 0.223675 -0.470412
167 0 car 588 171 65 63 176.27 3.79414 0.168137
169 0 car 587 170 66 66 177.991 4.49888 0.161992
170 0 car 587 170 66 66 171.799 4.70289 -0.0248472
171 0 car 584 170 73 68 171.799 4.70289 -0.0248472
172 0 car 584 170 73 68 171.799 4.70289 -0.0248472
173 0 car 584 171 72 71 171.799 4.70289 -0.0248472
174 0 car 584 171 75 72 175.732 4.55709 0.255314
175 0 car 583 173 77 73 176.301 4.74027 0.117115
176 0 car 581 175 81 73 175.173 4.88606 0.0180223
177 0 car 584 174 78 74 177.399 4.72192 0.263722
178 0 car 582 177 82 75 189.996 4.22183 0.0189395
179 0 car 584 176 82 77 187.152 4.8098 0.215994
180 0 car 582 178 86 77 185.748 4.60072 0.252458
181 0 car 581 176 90 82 185.915 4.48087 0.330238
182 0 car 585 176 85 80 185.539 4.75266 0.273782
183 0 car 583 175 91 82 185.915 4.48087 0.330238
184 0 car 542 170 140 96 185.491 4.50851 0.501303
185 0 car 585 175 91 81 185.866 4.29957 0.358964
186 0 car 583 175 95 87 185.808 4.33666 0.394465
187 0 car 576 173 104 90 185.935 4.26135 0.445435
188 0 car 583 174 97 89 185.808 4.33666 0.394465
189 0 car 577 173 106 93 185.935 4.26135 0.445435
190 0 car 585 174 97 93 185.808 4.33666 0.394465
191 0 car 583 174 100 94 185.808 4.33666 0.394465
192 0 car 581 174 103 95 185.808 4.33666 0.394465
193 0 car 535 170 160 106 185.994 4.08495 0.616663
194 0 car 535 170 160 106 185.994 4.08495 0.616663
195 0 car 585 175 98 98 185.808 4.33666 0.394465
196 0 car 565 171 135 111 186.223 3.87178 0.658443
197 0 car 579 176 108 102 185.808 4.33666 0.394465
198 0 car 578 186 113 100 184.176 5.89163 -0.348806
199 0 car 575 177 115 108 185.808 4.33666 0.394465
200 0 car 575 187 119 106 184.386 6.04344 -0.364983
201 0 car 521 179 184 114 186.606 5.11073 0.461278
202 0 car 581 182 115 103 187.045 4.7032 0.442655
203 0 car 530 176 178 120 188.277 4.3557 0.56607
204 0 car 581 178 119 110 188.437 4.41832 0.434301
205 0 car 578 182 124 111 187.889 4.54733 0.400042
206 0 car 523 178 193 124 187.186 5.08683 0.465313
207 0 car 578 180 129 117 187.949 4.64531 0.416204
208 0 car 579 183 127 118 187.949 4.64531 0.416204
209 0 car 553 172 175 142 188.485 4.23166 0.666848
210 0 car 580 186 129 128 183.116 5.43728 0.0732364
211 0 car 571 182 147 129 190.318 4.12856 0.385059
212 0 car 573 182 144 132 188.177 4.50843 0.448377
213 0 car 569 183 152 133 187.109 5.44734 0.312752
214 0 car 567 181 157 139 188.177 4.50843 0.448377
215 0 car 569 185 160 141 186.676 5.60962 0.164327
216 0 car 567 183 161 146 187.109 5.44734 0.312752
217 0 car 567 179 165 152 188.177 4.50843 0.448377
218 0 car 570 175 165 158 188.177 4.50843 0.448377
219 0 car 566 176 171 160 188.177 4.50843 0.448377
220 0 car 570 178 167 159 188.177 4.50843 0.448377
221 0 car 564 178 178 163 188.2 4.36183 0.488908
222 0 car 563 176 178 169 187.879 4.27039 0.549062
223 0 car 565 181 183 173 187.766 4.46292 0.509906
224 0 car 562 176 183 173 188.928 4.09909 0.566463
225 0 car 563 175 187 182 188.974 3.68913 0.665507
226 0 car 561 177 186 177 185.015 4.29852 0.503708
227 0 car 563 174 187 184 185.212 3.71508 0.603001
228 0 car 559 181 192 173 184.471 4.18876 0.473481
229 0 car 560 175 192 189 185.212 3.71508 0.603001
230 0 car 561 178 195 180 184.471 4.18876 0.473481
231 0 car 562 178 191 182 184.471 4.18876 0.473481
232 0 car 564 176 188 187 184.807 3.87937 0.547791
233 0 car 566 178 193 186 181.693 4.26593 0.535641
234 0 car 566 175 191 192 185.546 3.48654 0.696257
235 0 car 567 178 189 186 181.611 4.08544 0.612009
236 0 car 566 178 191 187 181.611 4.08544 0.612009
237 0 car 567 178 190 187 181.461 4.10876 0.601307
238 0 car 566 176 193 188 181.848 3.93163 0.636489
239 0 car 568 178 190 185 181.384 3.93051 0.639955
240 0 car 566 177 192 186 181.789 3.55941 0.693246
241 0 car 567 178 187 187 157.43 2.73376 0.212834
251 0 car 580 180 146 149 156.848 2.77915 0.368711
252 0 car 581 182 144 140 156.652 2.82788 0.463451
253 0 car 583 191 133 129 156.846 2.83289 0.43759
254 0 car 583 181 134 131 157.476 2.80384 0.598074
255 0 car 587 183 124 122 157.476 2.80384 0.598074
256 0 car 589 184 120 115 157.476 2.80384 0.598074
257 0 car 591 184 116 113 157.476 2.80384 0.598074
258 0 car 593 183 108 109 157.476 2.80384 0.598074
259 0 car 592 184 108 104 157.476 2.80384 0.598074
260 0 car 593 184 105 100 157.476 2.80384 0.598074
261 0 car 593 183 102 98 157.476 2.80384 0.598074
262 0 car 595 184 97 94 157.476 2.80384 0.598074
263 0 car 596 185 94 91 157.476 2.80384 0.598074
317 0 car 646 173 68 65 214.919 2.88992 -0.68706
318 0 car 653 172 71 66 215.38 3.55154 -0.611408
319 0 car 660 173 69 63 215.38 3.55154 -0.611408
320 0 car 668 170 71 67 215.33 3.82663 -0.482316
321 0 car 677 171 70 65 201.131 4.32483 0.354565
322 0 car 687 172 69 65 200.604 4.08797 0.307025
326 0 car 723 172 73 65 192.557 7.0063 0.374721
327 0 car 730 171 74 61 201.603 6.06292 -0.0512969
328 0 car 741 167 70 66 195.024 6.76192 0.377192
