1 0 car 562 173 89 85 13.7066 -0.539248 -0.888591
2 0 car 561 174 90 85 13.5732 -0.340069 -0.907346
3 0 car 561 175 92 85 13.5732 -0.340069 -0.907346
4 0 car 560 174 95 87 13.5732 -0.340069 -0.907346
5 0 car 560 175 95 88 13.5732 -0.340069 -0.907346
6 0 car 560 175 96 88 13.5372 -0.281385 -0.816006
7 0 car 559 174 98 90 16.0056 -0.230236 -0.825151
8 0 car 559 174 100 91 16.0056 -0.230236 -0.825151
9 0 car 559 173 102 93 12.294 -0.0304046 -0.53434
10 0 car 559 173 103 93 12.294 -0.0304046 -0.53434
11 0 car 558 174 104 94 12.294 -0.0304046 -0.53434
12 0 car 558 173 105 96 17.8785 -0.107522 -0.814432
13 0 car 558 174 105 96 17.8785 -0.107522 -0.814432
14 0 car 557 175 107 97 17.8785 -0.107522 -0.814432
15 0 car 557 175 107 97 17.8785 -0.107522 -0.814432
16 0 car 557 176 109 98 17.8785 -0.107522 -0.814432
17 0 car 557 176 109 99 17.8785 -0.107522 -0.814432
18 0 car 556 176 111 100 17.8785 -0.107522 -0.814432
19 0 car 557 177 112 101 17.8785 -0.107522 -0.814432
20 0 car 557 177 112 102 17.8785 -0.107522 -0.814432
21 0 car 557 178 111 101 17.8785 -0.107522 -0.814432
22 0 car 557 178 112 102 20.7879 -0.486901 -0.674942
23 0 car 558 179 111 101 20.7879 -0.486901 -0.674942
24 0 car 559 180 111 101 20.7879 -0.486901 -0.674942
25 0 car 560 181 109 100 20.7879 -0.486901 -0.674942
26 0 car 561 181 108 99 20.7879 -0.486901 -0.674942
27 0 car 561 181 108 99 20.8055 -0.483103 -0.724085
28 0 car 562 181 107 99 20.8055 -0.483103 -0.724085
29 0 car 563 182 107 99 20.7879 -0.486901 -0.674942
30 0 car 563 182 107 99 20.7879 -0.486901 -0.674942
31 0 car 564 183 104 96 20.7879 -0.486901 -0.674942
32 0 car 565 183 102 94 20.741 -0.484501 -0.622459
33 0 car 565 184 101 93 20.741 -0.484501 -0.622459
34 0 car 565 184 101 92 20.741 -0.484501 -0.622459
35 0 car 565 184 101 91 20.741 -0.484501 -0.622459
36 0 car 565 185 100 90 20.741 -0.484501 -0.622459
37 0 car 565 185 97 88 19.8481 -0.403114 -0.473465
38 0 car 567 186 93 86 19.1473 -0.354436 -0.404538
39 0 car 566 186 92 84 19.9085 -0.388229 -0.456722
40 0 car 567 186 91 83 20.7554 -0.445154 -0.53776
41 0 car 568 187 87 80 20.7521 -0.397166 -0.457393
42 0 car 568 187 86 79 20.7521 -0.397166 -0.457393
43 0 car 568 188 82 76 20.7521 -0.397166 -0.457393
44 0 car 568 188 80 75 20.7521 -0.397166 -0.457393
45 0 car 568 188 77 73 20.7521 -0.397166 -0.457393
46 0 car 568 189 74 71 35.4832 -0.239245 -0.887866
47 0 car 568 188 73 70 35.4832 -0.239245 -0.887866
48 0 car 568 187 72 68 35.4832 -0.239245 -0.887866
49 0 car 568 187 70 66 35.4832 -0.239245 -0.887866
50 0 car 569 187 68 64 35.4832 -0.239245 -0.887866
51 0 car 569 187 66 63 35.4832 -0.239245 -0.887866
52 0 car 570 186 64 62 35.4314 -0.220287 -0.82822
53 0 car 571 186 63 61 35.4314 -0.220287 -0.82822
54 0 car 571 186 62 60 35.4832 -0.239245 -0.887866
55 0 car 572 185 62 60 35.4832 -0.239245 -0.887866
56 0 car 572 185 62 59 35.4832 -0.239245 -0.887866
57 0 car 573 184 60 58 35.4832 -0.239245 -0.887866
58 0 car 573 184 60 58 45.3737 0.0285629 -0.825697
59 0 car 573 184 60 58 45.3737 0.0285629 -0.825697
60 0 car 577 184 56 55 45.3737 0.0285629 -0.825697
61 0 car 577 183 56 54 45.3737 0.0285629 -0.825697
62 0 car 577 182 56 53 45.3737 0.0285629 -0.825697
169 0 car 587 171 67 63 235.989 6.16618 -0.79988
170 0 car 585 170 70 67 235.989 6.16618 -0.79988
171 0 car 585 170 70 67 235.989 6.16618 -0.79988
172 0 car 585 170 70 67 235.989 6.16618 -0.79988
173 0 car 583 170 76 72 236.005 6.25036 -0.101279
174 0 car 584 171 75 73 233.528 5.90869 -0.328567
175 0 car 583 172 77 74 233.649 6.19244 -0.512275
176 0 car 582 173 79 74 233.649 6.19244 -0.512275
177 0 car 583 175 79 74 233.649 6.19244 -0.512275
178 0 car 584 176 80 75 232.493 6.08608 -0.547195
179 0 car 584 177 82 76 232.145 5.98509 -0.436787
180 0 car 584 177 84 78 229.751 6.35341 -0.130648
181 0 car 584 178 86 80 229.704 6.48754 -0.231168
182 0 car 584 177 88 81 229.704 6.48754 -0.231168
183 0 car 583 176 90 82 229.704 6.48754 -0.231168
184 0 car 582 174 93 84 229.751 6.35341 -0.130648
185 0 car 583 175 93 85 229.704 6.48754 -0.231168
186 0 car 584 174 94 86 229.327 6.22132 -0.219807
187 0 car 582 174 97 88 227.149 5.7454 -0.208119
188 0 car 581 173 99 90 227.149 5.7454 -0.208119
189 0 car 581 173 101 91 227.149 5.7454 -0.208119
190 0 car 581 173 102 93 226.956 5.8201 -0.295457
191 0 car 579 173 105 95 226.956 5.8201 -0.295457
192 0 car 581 174 104 95 226.956 5.8201 -0.295457
193 0 car 579 175 106 96 226.956 5.8201 -0.295457
194 0 car 579 175 107 97 226.956 5.8201 -0.295457
195 0 car 578 176 108 98 226.956 5.8201 -0.295457
196 0 car 555 171 136 112 231.726 6.09388 0.00616472
197 0 car 561 174 129 108 226.469 5.85446 -0.067901
198 0 car 569 177 121 105 228.116 6.07239 -0.367097
199 0 car 573 179 119 104 228.116 6.07239 -0.367097
200 0 car 577 181 116 103 228.116 6.07239 -0.367097
201 0 car 553 175 145 117 174.704 11.1408 0.562997
202 0 car 553 175 145 117 174.704 11.1408 0.562997
203 0 car 553 175 145 117 174.704 11.1408 0.562997
204 0 car 553 177 147 119 174.704 11.1408 0.562997
205 0 car 567 180 137 115 175.364 11.0476 0.492794
206 0 car 573 183 132 113 178.841 10.5526 0.115799
207 0 car 575 182 132 114 178.841 10.5526 0.115799
215 0 car 571 185 158 139 180.161 9.67876 0.30265
216 0 car 567 185 163 144 180.161 9.67876 0.30265
217 0 car 567 183 167 150 180.161 9.67876 0.30265
218 0 car 567 181 169 153 180.161 9.67876 0.30265
219 0 car 567 179 171 156 180.161 9.67876 0.30265
220 0 car 567 179 173 158 180.161 9.67876 0.30265
221 0 car 566 178 175 160 180.161 9.67876 0.30265
222 0 car 565 178 177 164 180.161 9.67876 0.30265
223 0 car 564 178 181 168 180.161 9.67876 0.30265
224 0 car 562 177 184 171 180.127 9.94995 0.523164
225 0 car 561 177 187 178 180.127 9.94995 0.523164
226 0 car 561 177 187 180 180.23 9.8222 0.428178
227 0 car 561 177 190 181 180.23 9.8222 0.428178
228 0 car 561 178 191 181 180.23 9.8222 0.428178
229 0 car 562 178 191 182 180.23 9.8222 0.428178
230 0 car 561 179 192 182 180.23 9.8222 0.428178
231 0 car 561 178 193 183 180.979 10.0543 0.677813
232 0 car 563 178 192 183 180.979 10.0543 0.677813
233 0 car 563 179 192 185 181.016 9.98449 0.621865
234 0 car 564 179 193 186 181.016 9.98449 0.621865
235 0 car 566 179 192 186 181.016 9.98449 0.621865
236 0 car 567 179 193 185 178.781 9.50584 0.615857
237 0 car 567 179 193 185 178.781 9.50584 0.615857
238 0 car 566 179 193 185 178.781 9.50584 0.615857
239 0 car 567 178 191 184 178.781 9.50584 0.615857
240 0 car 567 178 191 184 178.36 9.54184 0.691175
241 0 car 567 179 190 183 178.36 9.54184 0.691175
242 0 car 567 180 187 182 178.36 9.54184 0.691175
243 0 car 568 181 186 180 178.781 9.50584 0.615857
244 0 car 568 181 185 178 178.781 9.50584 0.615857
245 0 car 569 182 181 175 178.781 9.50584 0.615857
246 0 car 569 183 179 174 178.781 9.50584 0.615857
247 0 car 569 184 175 171 178.781 9.50584 0.615857
248 0 car 570 185 171 167 178.781 9.50584 0.615857
249 0 car 574 185 161 158 179.253 9.39445 0.500852
250 0 car 577 184 153 151 180.315 9.25327 0.410622
251 0 car 579 183 148 146 181.613 9.11927 0.393858
252 0 car 582 184 141 139 181.613 9.11927 0.393858
253 0 car 583 188 135 132 181.613 9.11927 0.393858
254 0 car 585 186 129 126 181.613 9.11927 0.393858
255 0 car 587 183 125 122 181.613 9.11927 0.393858
256 0 car 589 183 120 117 181.613 9.11927 0.393858
257 0 car 591 183 115 112 181.613 9.11927 0.393858
258 0 car 593 183 111 108 181.613 9.11927 0.393858
259 0 car 593 184 107 104 181.613 9.11927 0.393858
260 0 car 594 184 104 100 181.613 9.11927 0.393858
317 0 car 644 173 69 66 237.267 8.86984 -0.376645
318 0 car 652 172 70 67 236.272 9.56969 -0.261949
319 0 car 660 171 70 66 236.184 9.83801 -0.13782
320 0 car 667 171 71 65 236.184 9.83801 -0.13782
321 0 car 676 171 70 65 224.126 10.1681 0.722566
323 0 car 691 171 71 66 223.378 12.3433 0.289616
326 0 car 719 171 75 66 217.158 12.8338 0.717006
327 0 car 731 170 74 64 222.416 11.9855 0.519397
328 0 car 741 168 74 65 219.749 12.2667 0.676563
