1 0 car 562 173 89 85 13.7066 -0.539248 -0.888591
2 0 car 561 174 91 84 13.5732 -0.340069 -0.907346
3 0 car 561 173 93 86 13.5372 -0.281385 -0.816006
4 0 car 561 174 95 86 13.5372 -0.281385 -0.816006
5 0 car 560 175 96 86 13.5372 -0.281385 -0.816006
6 0 car 558 174 99 89 13.5372 -0.281385 -0.816006
7 0 car 561 175 97 89 16.0663 -0.209939 -0.828821
8 0 car 560 174 99 91 16.0663 -0.209939 -0.828821
9 0 car 559 173 102 92 12.3547 -0.0101071 -0.53801
10 0 car 559 174 102 93 12.3547 -0.0101071 -0.53801
11 0 car 560 174 102 94 16.0663 -0.209939 -0.828821
12 0 car 559 173 105 96 17.9291 -0.0838018 -0.81366
13 0 car 560 175 103 95 17.9291 -0.0838018 -0.81366
14 0 car 556 174 109 98 17.9291 -0.0838018 -0.81366
15 0 car 559 175 107 98 17.9291 -0.0838018 -0.81366
18 0 car 555 176 112 101 17.9291 -0.0838018 -0.81366
19 0 car 555 177 114 100 17.9291 -0.0838018 -0.81366
20 0 car 557 176 109 102 17.9291 -0.0838018 -0.81366
21 0 car 558 178 109 100 17.9291 -0.0838018 -0.81366
22 0 car 558 179 111 101 20.8586 -0.459338 -0.670674
23 0 car 559 180 110 99 20.8586 -0.459338 -0.670674
24 0 car 558 179 115 102 20.8586 -0.459338 -0.670674
25 0 car 561 181 108 100 20.8586 -0.459338 -0.670674
26 0 car 561 180 110 101 20.8586 -0.459338 -0.670674
27 0 car 561 180 106 100 20.8762 -0.45554 -0.719816
28 0 car 562 182 107 99 20.8762 -0.45554 -0.719816
29 0 car 563 181 107 98 20.8586 -0.459338 -0.670674
30 0 car 562 182 107 99 20.8394 -0.359623 -0.677591
31 0 car 566 182 101 95 20.8762 -0.45554 -0.719816
32 0 car 565 183 103 92 20.8118 -0.456938 -0.618191
33 0 car 563 183 104 92 20.7947 -0.349738 -0.629677
34 0 car 567 183 101 93 20.8118 -0.456938 -0.618191
35 0 car 563 184 104 92 20.8118 -0.456938 -0.618191
36 0 car 566 185 97 90 20.8118 -0.456938 -0.618191
37 0 car 566 185 97 88 19.9188 -0.375551 -0.469197
38 0 car 567 186 92 85 19.9188 -0.375551 -0.469197
39 0 car 565 185 96 86 20.1051 -0.361915 -0.455448
40 0 car 569 186 86 82 20.1051 -0.361915 -0.455448
41 0 car 569 188 87 81 20.1377 -0.328982 -0.391553
42 0 car 569 188 83 79 20.7961 -0.376603 -0.456693
43 0 car 569 189 81 75 20.7961 -0.376603 -0.456693
44 0 car 567 188 83 76 20.7961 -0.376603 -0.456693
45 0 car 567 188 76 74 20.7961 -0.376603 -0.456693
46 0 car 567 189 77 69 35.2202 -0.317266 -0.861256
47 0 car 566 189 77 68 35.2202 -0.317266 -0.861256
48 0 car 567 187 74 71 35.2202 -0.317266 -0.861256
49 0 car 567 187 72 65 35.2202 -0.317266 -0.861256
50 0 car 569 186 68 65 35.2202 -0.317266 -0.861256
51 0 car 570 187 65 63 35.2202 -0.317266 -0.861256
52 0 car 570 185 64 64 35.2202 -0.317266 -0.861256
53 0 car 571 186 64 62 35.2202 -0.317266 -0.861256
54 0 car 572 187 62 59 35.2202 -0.317266 -0.861256
55 0 car 573 185 61 60 35.2202 -0.317266 -0.861256
56 0 car 572 185 63 59 35.2202 -0.317266 -0.861256
57 0 car 575 184 59 58 35.2202 -0.317266 -0.861256
58 0 car 575 184 59 59 44.9991 -0.0403234 -0.786341
59 0 car 575 185 58 54 44.9991 -0.0403234 -0.786341
60 0 car 576 184 58 56 44.9991 -0.0403234 -0.786341
61 0 car 576 183 56 53 44.9991 -0.0403234 -0.786341
62 0 car 577 179 57 56 44.9991 -0.0403234 -0.786341
63 0 car 577 174 56 54 44.7772 -0.132373 -0.794777
65 0 car 578 176 55 53 44.9991 -0.0403234 -0.786341
66 0 car 579 177 55 49 44.7772 -0.132373 -0.794777
67 0 car 581 174 53 55 44.7772 -0.132373 -0.794777
68 0 car 579 175 56 50 44.7772 -0.132373 -0.794777
70 0 car 579 175 56 50 44.7772 -0.132373 -0.794777
71 0 car 582 178 52 49 44.7772 -0.132373 -0.794777
72 0 car 585 180 49 49 44.7772 -0.132373 -0.794777
73 0 car 584 184 51 50 44.7772 -0.132373 -0.794777
74 0 car 585 178 48 50 44.7772 -0.132373 -0.794777
76 0 car 585 178 48 50 44.7772 -0.132373 -0.794777
77 0 car 585 178 48 50 44.7772 -0.132373 -0.794777
78 0 car 585 177 48 46 44.7772 -0.132373 -0.794777
79 0 car 585 177 48 46 44.7772 -0.132373 -0.794777
80 0 car 585 177 48 46 44.7812 -0.13268 -0.84723
167 0 car 588 171 64 63 141.87 3.36521 -0.0149252
168 0 car 588 171 66 62 139.448 3.52495 0.0428323
169 0 car 587 171 66 65 141.009 3.87165 0.018236
170 0 car 586 171 70 67 137.947 3.97861 -0.0553284
171 0 car 585 171 72 68 137.947 3.97861 -0.0553284
172 0 car 585 171 72 68 138.71 4.07135 -0.0211037
173 0 car 585 170 73 72 137.824 3.98573 0.0532616
174 0 car 584 171 74 72 138.71 4.07135 -0.0211037
175 0 car 583 173 76 73 138.71 4.07135 -0.0211037
176 0 car 582 174 81 73 134.758 3.92976 0.0325417
177 0 car 583 175 80 73 136.594 3.98993 0.0022224
178 0 car 582 177 82 74 136.098 4.05787 0.00790055
179 0 car 583 177 83 77 135.663 4.00974 0.0425147
180 0 car 582 177 86 78 133.052 4.1976 0.11103
181 0 car 581 177 90 82 133.54 4.0992 0.137072
182 0 car 582 175 88 80 134.525 4.19447 0.0926565
183 0 car 581 176 92 81 133.54 4.0992 0.137072
184 0 car 584 174 90 84 133.54 4.0992 0.137072
185 0 car 580 175 96 84 133.02 4.05283 0.178705
186 0 car 585 174 92 86 132.773 4.06534 0.19655
187 0 car 583 174 97 89 132.773 4.06534 0.19655
188 0 car 581 174 100 89 132.773 4.06534 0.19655
189 0 car 580 173 102 93 132.773 4.06534 0.19655
190 0 car 584 172 98 94 132.773 4.06534 0.19655
191 0 car 583 175 101 94 132.773 4.06534 0.19655
192 0 car 582 174 103 96 132.773 4.06534 0.19655
193 0 car 580 174 107 97 132.954 4.11986 0.226667
194 0 car 578 175 107 98 132.954 4.11986 0.226667
195 0 car 576 176 113 100 132.954 4.11986 0.226667
196 0 car 582 178 107 100 132.954 4.11986 0.226667
197 0 car 583 178 108 103 132.954 4.11986 0.226667
198 0 car 581 179 108 103 132.954 4.11986 0.226667
199 0 car 579 180 114 103 132.954 4.11986 0.226667
200 0 car 575 180 118 105 132.954 4.11986 0.226667
201 0 car 526 178 178 113 132.434 4.30048 0.258299
202 0 car 581 180 115 109 134.552 4.1691 0.222505
203 0 car 579 190 121 106 131.385 4.76353 -0.0765458
204 0 car 580 175 119 114 133.362 4.15702 0.268028
205 0 car 580 181 121 113 132.982 4.25069 0.2519
206 0 car 579 182 125 115 132.704 4.2874 0.263705
207 0 car 576 182 130 116 132.596 4.25609 0.27526
208 0 car 575 183 132 119 131.908 4.30902 0.266898
209 0 car 568 183 142 121 131.727 4.31851 0.277273
210 0 car 574 182 139 124 132.396 4.26713 0.284966
211 0 car 571 183 145 126 131.265 4.27664 0.247161
212 0 car 572 182 144 130 130.089 4.32812 0.347903
213 0 car 566 182 156 135 126.663 4.25208 0.395433
214 0 car 573 186 151 141 129.495 4.74691 0.227682
215 0 car 566 186 164 141 126.298 4.58356 0.295405
216 0 car 571 182 161 149 126.423 4.45248 0.377024
217 0 car 566 179 165 152 126.629 4.27515 0.416832
218 0 car 570 176 167 156 126.629 4.27515 0.416832
219 0 car 568 176 167 159 126.629 4.27515 0.416832
220 0 car 500 180 247 160 126.517 4.46573 0.430989
221 0 car 566 184 177 149 125.487 4.61521 0.345202
222 0 car 565 180 177 159 126.542 4.28234 0.419094
223 0 car 560 179 185 169 126.542 4.28234 0.419094
224 0 car 568 176 179 172 125.265 4.42799 0.482552
225 0 car 564 178 182 178 126.666 4.25651 0.449085
226 0 car 563 176 184 182 125.741 4.36309 0.477305
227 0 car 558 179 193 177 126.608 4.31579 0.455945
228 0 car 560 177 191 182 126.364 4.29914 0.466003
229 0 car 562 176 189 184 125.741 4.36309 0.477305
230 0 car 562 178 193 182 126.364 4.29914 0.466003
231 0 car 562 177 190 184 125.626 4.40699 0.494521
232 0 car 567 177 186 185 125.879 4.37156 0.479505
233 0 car 566 179 190 185 126.602 4.29907 0.466745
234 0 car 564 176 193 190 125.879 4.37156 0.479505
235 0 car 567 180 188 184 126.796 4.22952 0.49066
236 0 car 565 180 194 183 126.796 4.22952 0.49066
237 0 car 564 178 194 187 125.751 4.31771 0.490284
238 0 car 567 180 193 183 126.641 4.18685 0.502734
239 0 car 566 176 192 190 125.794 4.26744 0.527054
240 0 car 565 181 195 179 126.58 4.1097 0.534795
241 0 car 565 179 189 186 122.833 3.67178 -0.201476
250 0 car 576 180 156 153 122.505 3.69336 -0.178563
251 0 car 581 182 143 147 122.833 3.67178 -0.201476
252 0 car 581 184 142 139 122.446 3.73052 -0.00590616
253 0 car 583 191 135 131 122.446 3.73052 -0.00590616
254 0 car 584 181 133 130 123.038 3.71934 0.15237
255 0 car 588 182 123 122 123.038 3.71934 0.15237
256 0 car 589 195 121 119 122.446 3.73052 -0.00590616
257 0 car 591 181 114 117 123.038 3.71934 0.15237
258 0 car 593 172 112 111 123.225 3.79366 0.201947
259 0 car 591 186 109 103 123.038 3.71934 0.15237
260 0 car 594 182 103 102 123.038 3.71934 0.15237
261 0 car 595 184 101 98 123.038 3.71934 0.15237
262 0 car 595 186 96 93 123.038 3.71934 0.15237
263 0 car 596 185 95 90 123.038 3.71934 0.15237
317 0 car 646 173 68 65 174.333 4.06166 -0.903207
318 0 car 653 172 71 66 175.152 4.58649 -0.826152
319 0 car 660 173 69 63 175.152 4.58649 -0.826152
320 0 car 668 170 71 67 175.45 4.81896 -0.711154
321 0 car 677 171 70 65 167.048 5.40272 -0.209276
322 0 car 687 172 69 65 161.565 5.34863 0.0644192
326 0 car 723 172 73 65 157.213 7.41677 0.0234377
327 0 car 730 171 74 61 166.777 6.41895 -0.42682
328 0 car 741 167 70 66 160.056 7.1328 0.00827942
