1 0 car 564 172 89 84 13.7066 -0.539248 -0.888591
2 0 car 564 172 89 84 13.69 -0.508663 -0.775232
3 0 car 562 170 94 88 10.3047 -0.333462 -0.555681
4 0 car 562 170 94 88 10.3047 -0.333462 -0.555681
5 0 car 557 164 107 101 10.9662 -0.241267 -0.707226
6 0 car 556 167 110 104 13.3873 0.0424903 -0.851216
7 0 car 556 167 110 104 11.9395 -0.0454151 -0.488807
8 0 car 556 167 110 104 11.9395 -0.0454151 -0.488807
9 0 car 558 167 110 104 11.9395 -0.0454151 -0.488807
10 0 car 558 167 110 104 11.9395 -0.0454151 -0.488807
11 0 car 558 167 110 104 11.9395 -0.0454151 -0.488807
12 0 car 561 167 107 105 17.314 0.249239 -0.315632
13 0 car 563 166 105 108 17.3403 0.195653 -0.262002
14 0 car 561 167 109 110 17.314 0.249239 -0.315632
15 0 car 566 169 115 112 17.3403 0.195653 -0.262002
16 0 car 565 168 118 112 17.3403 0.195653 -0.262002
17 0 car 565 170 117 111 17.3403 0.195653 -0.262002
18 0 car 557 168 116 115 17.314 0.249239 -0.315632
19 0 car 564 169 120 109 17.3403 0.195653 -0.262002
20 0 car 561 168 126 113 17.314 0.249239 -0.315632
21 0 car 557 165 118 119 17.314 0.249239 -0.315632
22 0 car 558 165 117 121 20.7454 -0.515869 -0.669731
23 0 car 559 166 115 122 20.7454 -0.515869 -0.669731
24 0 car 560 169 113 118 20.7454 -0.515869 -0.669731
25 0 car 558 170 116 115 20.7262 -0.416154 -0.676648
26 0 car 560 170 115 114 20.7454 -0.515869 -0.669731
27 0 car 559 169 115 117 20.7262 -0.416154 -0.676648
28 0 car 559 169 115 115 20.7262 -0.416154 -0.676648
29 0 car 565 169 106 114 20.7454 -0.515869 -0.669731
30 0 car 567 170 102 112 20.7454 -0.515869 -0.669731
31 0 car 565 171 104 112 20.7454 -0.515869 -0.669731
32 0 car 569 173 99 109 20.6985 -0.513469 -0.617248
33 0 car 567 174 101 106 20.6985 -0.513469 -0.617248
34 0 car 567 175 100 102 20.6985 -0.513469 -0.617248
35 0 car 568 177 98 99 20.6985 -0.513469 -0.617248
36 0 car 570 176 95 100 20.6985 -0.513469 -0.617248
37 0 car 564 176 101 100 19.9319 -0.47487 -0.556329
38 0 car 564 176 101 100 19.3771 -0.430606 -0.492762
39 0 car 564 176 101 100 19.9359 -0.417854 -0.453807
40 0 car 564 176 101 100 19.2695 -0.286765 -0.429519
126 0 car 577 169 70 49 107.82 3.07465 0.246493
128 0 car 577 169 70 49 106.824 2.90898 0.253221
129 0 car 577 169 70 49 106.824 2.90898 0.253221
172 0 car 591 167 66 74 208.329 4.6438 -1.03951
173 0 car 587 169 74 73 212.827 5.73338 -1.21425
174 0 car 587 170 75 73 212.827 5.73338 -1.21425
175 0 car 589 171 72 74 206.929 4.53903 -1.1595
176 0 car 589 171 72 74 213.911 4.85443 -0.789487
177 0 car 588 172 74 74 214.657 5.5134 -0.876248
178 0 car 588 172 74 74 213.06 6.47337 -0.380007
179 0 car 588 172 74 74 215.013 6.77409 -0.420753
180 0 car 586 175 82 74 213.764 6.21602 -0.773203
181 0 car 581 175 94 77 202.564 5.70268 -1.00932
182 0 car 581 175 94 77 202.564 5.70268 -1.00932
183 0 car 581 173 99 80 203.226 5.71271 -0.883301
184 0 car 580 173 98 80 207.855 5.4669 -0.745893
185 0 car 582 172 97 80 214.834 5.92409 -0.328785
186 0 car 582 172 97 80 215.432 6.10014 -0.467025
187 0 car 584 173 99 78 215.388 5.97369 -0.408174
188 0 car 586 173 96 78 215.388 5.97369 -0.408174
189 0 car 583 170 108 99 216.083 5.58204 -0.0943084
190 0 car 582 169 109 99 216.083 5.58204 -0.0943084
191 0 car 579 169 112 100 217.081 5.67553 0.00596097
192 0 car 583 170 109 101 217.081 5.67553 0.00596097
193 0 car 579 170 112 100 217.081 5.67553 0.00596097
194 0 car 583 170 109 102 217.081 5.67553 0.00596097
195 0 car 583 170 109 102 217.081 5.67553 0.00596097
196 0 car 583 170 109 102 217.081 5.67553 0.00596097
197 0 car 583 170 109 102 217.081 5.67553 0.00596097
263 0 car 592 175 107 102 170.679 6.03924 0.555536
264 0 car 592 175 107 102 170.679 6.03924 0.555536
265 0 car 592 175 107 102 170.591 6.05407 0.588497
266 0 car 592 175 107 102 170.591 6.05407 0.588497
267 0 car 589 177 100 90 170.591 6.05407 0.588497
268 0 car 589 179 97 87 170.591 6.05407 0.588497
269 0 car 593 180 90 83 170.591 6.05407 0.588497
270 0 car 594 179 90 81 170.591 6.05407 0.588497
271 0 car 594 179 90 81 170.591 6.05407 0.588497
272 0 car 594 179 90 81 170.591 6.05407 0.588497
273 0 car 594 179 90 81 170.591 6.05407 0.588497
277 0 car 596 179 76 71 169.951 6.14572 0.647599
278 0 car 598 179 78 71 169.421 6.10493 0.69077
279 0 car 597 179 75 70 169.951 6.14572 0.647599
280 0 car 597 181 72 67 168.764 6.16566 0.845579
322 0 car 687 169 69 68 218.82 7.456 0.151746
324 0 car 701 170 71 67 217.297 10.2449 -0.264888
327 0 car 733 163 72 72 220.862 9.47607 -0.0629856
328 0 car 733 163 72 72 215.982 10.3786 0.231602
