1 4 car 727 163 190 98 13.7571 -3.33137 -0.0269783
2 4 car 724 165 205 92 13.7571 -3.33137 -0.0269783
3 4 car 734 163 200 98 13.7571 -3.33137 -0.0269783
4 4 car 741 164 184 94 13.7571 -3.33137 -0.0269783
5 4 car 746 168 193 105 13.5111 -3.32741 -0.0886748
6 4 car 746 168 193 105 13.5448 -3.2748 -0.102933
7 4 car 758 165 222 113 13.8866 -3.2565 -0.126106
8 4 car 771 160 224 100 13.8866 -3.2565 -0.126106
9 4 car 782 162 234 119 13.8866 -3.2565 -0.126106
10 4 car 788 158 259 131 13.7825 -3.28284 -0.128123
11 4 car 802 158 253 128 13.9184 -3.1607 -0.120855
12 4 car 796 154 304 137 13.9075 -3.11728 -0.158206
13 4 car 796 154 304 137 13.9075 -3.11728 -0.158206
14 4 car 796 154 304 137 13.9075 -3.11728 -0.158206
15 4 car 796 154 304 137 13.9075 -3.11728 -0.158206
