1 7 car 141 169 136 65 18.3191 9.54675 -0.758828
2 7 car 177 182 95 53 19.3577 9.67389 -0.896866
3 7 car 137 172 122 71 19.0121 9.65838 -0.803368
4 7 car 139 174 112 68 19.1819 9.68904 -0.798433
5 7 car 107 173 136 73 19.06 9.67006 -0.735724
6 7 car 104 175 127 73 19.3627 9.71758 -0.711124
7 7 car 69 173 148 78 19.4116 9.7785 -0.90337
8 7 car 47 169 161 86 19.4116 9.7785 -0.90337
9 7 car 28 168 172 89 19.4116 9.7785 -0.90337
10 7 car 8 168 180 92 19.22 9.74749 -0.871568
11 7 car 4 168 177 93 19.7371 9.84936 -0.719808
12 7 car 0 168 163 97 20.5049 10.1009 -0.758823
13 7 car 0 180 147 90 20.099 9.84589 -0.858139
14 7 car 0 172 135 101 20.5049 10.1009 -0.758823
15 7 car 2 184 116 95 20.2712 9.89988 -0.799105
16 7 car 2 177 109 96 22.0172 10.6326 -0.329334
17 7 car 0 177 94 92 21.4262 10.1606 -0.413414
18 7 car 0 177 80 93 21.559 10.1962 -0.4336
19 7 car 0 176 65 93 21.559 10.1962 -0.4336
20 7 car 2 177 45 96 22.1389 10.4385 -0.641473
