1 7 car 171 174 112 61 18.9113 9.61519 -0.848847
2 7 car 168 174 109 62 19.0845 9.64522 -0.84594
3 7 car 121 169 155 70 19.2316 9.69524 -0.820505
4 7 car 115 174 140 64 18.7266 9.60749 -0.768671
5 7 car 88 172 164 70 18.8319 9.63537 -0.738492
6 7 car 77 171 165 77 19.0961 9.66787 -0.702363
9 7 car 27 171 177 83 19.4205 9.77243 -0.906403
10 7 car 6 170 191 85 19.2268 9.73999 -0.874939
11 7 car 2 175 181 85 19.7961 9.87174 -0.723933
12 7 car 6 170 163 96 20.5364 10.0814 -0.764869
13 7 car 10 169 149 98 20.5364 10.0814 -0.764869
14 7 car 12 159 140 108 20.5364 10.0814 -0.764869
15 7 car 1 176 124 93 20.7086 10.1448 -0.71035
16 7 car 5 173 120 98 22.2407 10.842 -0.296749
17 7 car 6 173 100 101 21.4154 10.1145 -0.413018
18 7 car 5 178 79 89 21.544 10.1474 -0.43256
