1 7 car 171 174 112 61 18.9113 9.61519 -0.848847
2 7 car 168 174 109 62 19.0845 9.64522 -0.84594
3 7 car 121 169 155 70 19.2316 9.69524 -0.820505
4 7 car 115 174 140 64 18.7241 9.60604 -0.76843
5 7 car 88 172 164 70 18.803 9.6209 -0.736841
6 7 car 77 171 165 77 19.051 9.64605 -0.700661
7 7 car 67 172 171 76 19.8841 9.84162 -0.943323
8 7 car 40 170 172 81 19.404 9.77492 -0.90446
9 7 car 27 171 177 83 19.404 9.77492 -0.90446
10 7 car 6 170 191 85 19.2081 9.74092 -0.872768
11 7 car 2 175 181 85 19.7743 9.87125 -0.721881
12 7 car 6 170 163 96 20.5016 10.0728 -0.754284
13 7 car 10 169 149 98 20.5016 10.0728 -0.754284
14 7 car 12 159 140 108 20.5016 10.0728 -0.754284
15 7 car 1 176 124 93 20.6593 10.1261 -0.699462
16 7 car 5 173 120 98 22.011 10.7051 -0.290953
17 7 car 6 173 100 101 21.1449 9.95425 -0.407733
18 7 car 5 178 79 89 21.2499 9.97204 -0.427805
19 7 car 5 178 79 89 21.2499 9.97204 -0.427805
20 7 car 5 178 79 89 22.1996 10.4212 -0.712985
21 7 car 5 178 79 89 22.8675 10.7109 -0.632077
