1 4 car 715 167 195 81 13.253 -3.03505 -0.0678833
2 4 car 728 169 171 76 13.4563 -3.05431 -0.192543
3 4 car 734 168 188 76 13.7571 -3.33137 -0.0269783
4 4 car 736 169 192 85 13.7571 -3.33137 -0.0269783
5 4 car 742 172 196 93 13.2766 -3.14755 -0.250577
6 4 car 751 172 197 97 13.3618 -3.0935 -0.253476
7 4 car 758 170 202 104 13.9725 -3.18236 -0.174815
8 4 car 771 168 210 109 13.9725 -3.18236 -0.174815
9 4 car 784 166 220 113 13.9725 -3.18236 -0.174815
10 4 car 796 164 237 117 13.7909 -3.20451 -0.147484
11 4 car 807 162 254 122 13.8805 -3.08152 -0.147717
12 4 car 816 159 278 134 13.9406 -3.11727 -0.155467
13 4 car 823 158 293 144 13.9406 -3.11727 -0.155467
14 4 car 831 157 313 157 13.9406 -3.11727 -0.155467
15 4 car 846 162 321 165 12.1091 -2.50911 -0.0634128
16 4 car 834 147 370 187 12.1091 -2.50911 -0.0634128
17 4 car 864 157 360 188 12.1091 -2.50911 -0.0634128
18 4 car 888 162 353 194 14.0097 -3.23342 -0.108391
19 4 car 898 155 343 202 14.0245 -3.11411 -0.13243
