1 4 car 715 167 196 81 13.253 -3.03505 -0.0678833
2 4 car 732 168 163 77 13.5608 -3.13607 -0.0922007
3 4 car 739 168 160 95 13.7571 -3.33137 -0.0269783
4 4 car 743 169 163 90 13.7571 -3.33137 -0.0269783
5 4 car 757 170 175 91 13.2132 -3.13032 -0.249023
6 4 car 757 169 182 96 13.2861 -3.07452 -0.251796
7 4 car 771 169 207 97 13.9482 -3.19027 -0.179681
8 4 car 771 166 216 104 13.9482 -3.19027 -0.179681
9 4 car 782 163 219 112 13.8975 -3.25432 -0.127958
10 4 car 787 166 252 106 13.8332 -3.33193 -0.0497223
11 4 car 805 163 264 118 14.0551 -3.14482 -0.154208
12 4 car 812 160 275 134 13.9119 -3.11046 -0.158565
13 4 car 822 159 302 146 13.9119 -3.11046 -0.158565
14 4 car 832 157 311 163 13.9119 -3.11046 -0.158565
15 4 car 854 163 310 168 12.0804 -2.50231 -0.0665107
16 4 car 853 134 346 198 12.0804 -2.50231 -0.0665107
17 4 car 892 171 319 175 13.8548 -3.10772 -0.212908
18 4 car 887 160 354 197 13.981 -3.22662 -0.111489
19 4 car 888 147 353 205 13.9958 -3.1073 -0.135528
