6 3 car 756 167 229 110 13.5532 -3.27808 -0.10564
7 3 car 756 168 349 103 13.9138 -3.20994 -0.184517
8 3 car 790 168 395 102 13.58 -3.48434 -0.00555913
9 3 car 768 165 473 115 13.9138 -3.20994 -0.184517
10 3 car 770 164 471 121 13.7185 -3.37329 -0.0923396
11 3 car 778 162 463 125 13.9456 -3.14602 -0.157032
12 3 car 817 151 237 148 13.8845 -3.13793 -0.162856
13 3 car 800 159 421 155 12.053 -2.52977 -0.0708015
14 3 car 816 162 357 161 12.053 -2.52977 -0.0708015
15 3 car 816 162 357 161 12.053 -2.52977 -0.0708015
16 3 car 816 162 357 161 12.053 -2.52977 -0.0708015
