1 0 car 564 172 89 84 13.7066 -0.539248 -0.888591
2 0 car 564 172 89 84 13.69 -0.508663 -0.775232
3 0 car 562 170 94 88 10.3047 -0.333462 -0.555681
4 0 car 562 170 94 88 10.3047 -0.333462 -0.555681
5 0 car 557 164 107 101 10.9662 -0.241267 -0.707226
6 0 car 556 167 110 104 13.3873 0.0424903 -0.851216
7 0 car 556 167 110 104 12.0103 -0.0198858 -0.48875
8 0 car 556 167 110 104 12.0103 -0.0198858 -0.48875
9 0 car 558 167 110 104 12.0103 -0.0198858 -0.48875
10 0 car 558 167 110 104 12.0103 -0.0198858 -0.48875
11 0 car 558 167 110 104 12.0103 -0.0198858 -0.48875
12 0 car 561 167 107 105 17.3888 0.280026 -0.313647
13 0 car 563 166 105 108 17.4151 0.226441 -0.260017
14 0 car 561 167 109 110 17.3888 0.280026 -0.313647
15 0 car 566 169 115 112 17.4151 0.226441 -0.260017
16 0 car 565 168 118 112 17.4151 0.226441 -0.260017
17 0 car 565 170 117 111 17.4151 0.226441 -0.260017
18 0 car 557 168 116 115 17.3888 0.280026 -0.313647
19 0 car 564 169 120 109 17.4151 0.226441 -0.260017
20 0 car 561 168 126 113 17.3888 0.280026 -0.313647
21 0 car 557 165 118 119 17.3888 0.280026 -0.313647
22 0 car 558 165 117 121 20.8307 -0.466853 -0.676874
23 0 car 559 166 115 122 20.8307 -0.466853 -0.676874
24 0 car 560 169 113 118 20.8307 -0.466853 -0.676874
25 0 car 558 170 116 115 20.8115 -0.367138 -0.683791
26 0 car 560 170 115 114 20.8307 -0.466853 -0.676874
27 0 car 559 169 115 117 20.8115 -0.367138 -0.683791
28 0 car 559 169 115 115 20.8115 -0.367138 -0.683791
29 0 car 565 169 106 114 20.8307 -0.466853 -0.676874
30 0 car 567 170 102 112 20.8307 -0.466853 -0.676874
31 0 car 565 171 104 112 20.8307 -0.466853 -0.676874
32 0 car 569 173 99 109 20.7839 -0.464453 -0.624391
33 0 car 567 174 101 106 20.7839 -0.464453 -0.624391
34 0 car 567 175 100 102 20.7839 -0.464453 -0.624391
35 0 car 568 177 98 99 20.7839 -0.464453 -0.624391
36 0 car 570 176 95 100 20.7839 -0.464453 -0.624391
37 0 car 564 176 101 100 20.0172 -0.425853 -0.563472
38 0 car 564 176 101 100 20.0172 -0.425853 -0.563472
39 0 car 564 176 101 100 19.2652 -0.335086 -0.408651
40 0 car 564 176 101 100 20.0773 -0.260768 -0.48709
126 0 car 577 169 70 49 108.042 2.97376 0.351807
128 0 car 577 169 70 49 116.013 3.08838 0.3396
129 0 car 577 169 70 49 109.095 2.77855 0.369553
172 0 car 591 167 66 74 201.124 3.18354 -0.704323
173 0 car 587 169 74 73 210.417 3.98833 -0.985169
174 0 car 587 170 75 73 210.417 3.98833 -0.985169
175 0 car 589 171 72 74 212.56 2.89752 -0.977052
176 0 car 589 171 72 74 210.188 3.27954 -0.632759
177 0 car 588 172 74 74 207.2 4.10753 -0.276386
178 0 car 588 172 74 74 207.381 4.7375 -0.236536
179 0 car 588 172 74 74 207.381 4.7375 -0.236536
180 0 car 586 175 82 74 207.11 4.3033 -0.517594
181 0 car 581 175 94 77 194.693 4.03758 -0.704238
182 0 car 581 175 94 77 206.563 4.21779 -0.43267
183 0 car 581 173 99 80 206.13 4.08169 -0.302288
184 0 car 580 173 98 80 206.034 4.24481 -0.344813
185 0 car 582 172 97 80 206.034 4.24481 -0.344813
186 0 car 582 172 97 80 206.034 4.24481 -0.344813
187 0 car 584 173 99 78 205.396 4.2246 -0.289287
188 0 car 586 173 96 78 205.396 4.2246 -0.289287
189 0 car 583 170 108 99 204.992 4.01506 -0.0284656
190 0 car 582 169 109 99 204.992 4.01506 -0.0284656
191 0 car 582 169 109 99 203.807 4.38884 -0.103636
192 0 car 583 170 109 101 204.992 4.01506 -0.0284656
193 0 car 579 170 112 100 203.807 4.38884 -0.103636
194 0 car 583 170 109 102 204.992 4.01506 -0.0284656
195 0 car 577 172 116 102 205.616 3.94013 -0.197973
196 0 car 580 173 113 102 205.396 4.2246 -0.289287
197 0 car 576 173 114 102 204.979 4.24762 -0.156316
198 0 car 576 173 114 102 203.807 4.38884 -0.103636
199 0 car 574 175 119 103 205.396 4.2246 -0.289287
200 0 car 570 176 128 102 205.396 4.2246 -0.289287
201 0 car 570 175 130 107 205.396 4.2246 -0.289287
202 0 car 570 173 131 108 204.294 3.87996 -0.0163728
203 0 car 571 175 132 103 203.318 4.56147 -0.327545
204 0 car 572 174 129 105 204.144 4.06941 -0.174998
205 0 car 572 173 131 106 201.605 4.46883 -0.0665147
206 0 car 579 173 127 125 201.262 4.01155 0.0960478
207 0 car 577 172 131 128 200.971 4.02851 0.18301
208 0 car 577 172 131 128 201.357 3.89502 0.243772
209 0 car 571 177 145 125 201.344 4.4606 -0.107795
210 0 car 572 174 146 133 201.307 4.2028 -0.00693011
211 0 car 575 175 147 133 201.351 4.48262 -0.0915967
212 0 car 572 175 151 133 201.351 4.48262 -0.0915967
213 0 car 569 175 158 135 201.752 4.45044 0.0931178
214 0 car 569 175 158 135 201.752 4.45044 0.0931178
215 0 car 569 175 158 135 202.309 4.32642 0.122181
216 0 car 569 175 158 135 202.309 4.32642 0.122181
250 0 car 565 182 173 146 166.653 4.36245 0.310032
251 0 car 570 181 166 145 165.664 3.88539 0.117049
252 0 car 570 181 166 145 165.51 3.90571 0.169376
253 0 car 579 178 146 129 165.059 3.89578 0.345742
254 0 car 579 178 146 129 165.235 3.94303 0.375668
255 0 car 587 176 134 133 165.268 3.95442 0.384186
256 0 car 584 179 132 123 166.21 3.85405 0.291997
257 0 car 584 179 132 123 166.21 3.85405 0.291997
258 0 car 593 178 121 116 165.268 3.95442 0.384186
259 0 car 590 179 121 111 166.21 3.85405 0.291997
260 0 car 586 175 120 107 166.21 3.85405 0.291997
261 0 car 590 174 113 106 166.056 3.78364 0.245123
262 0 car 592 174 108 107 166.056 3.78364 0.245123
263 0 car 592 175 107 102 166.056 3.78364 0.245123
264 0 car 592 175 107 102 173.679 3.97211 -0.0920852
265 0 car 592 175 107 102 173.679 3.97211 -0.0920852
266 0 car 592 175 107 102 173.679 3.97211 -0.0920852
322 0 car 687 169 69 68 208.568 5.10395 0.104375
324 0 car 701 170 71 67 209.153 7.45316 -0.290993
327 0 car 733 163 72 72 212.319 6.72422 -0.0814087
328 0 car 733 163 72 72 207.573 7.61228 0.207183
