1 7 car 141 169 136 65 18.3191 9.54675 -0.758828
2 7 car 177 182 95 53 19.3577 9.67389 -0.896866
3 7 car 137 172 122 71 19.0121 9.65838 -0.803368
4 7 car 139 174 112 68 19.1819 9.68904 -0.798433
5 7 car 107 173 136 73 19.0745 9.67737 -0.736884
6 7 car 104 175 127 73 19.3558 9.71477 -0.711886
7 7 car 69 173 148 78 19.4189 9.77223 -0.908048
8 7 car 47 169 161 86 19.4189 9.77223 -0.908048
9 7 car 28 168 172 89 19.4189 9.77223 -0.908048
10 7 car 8 168 180 92 19.226 9.7403 -0.876676
11 7 car 4 168 177 93 19.8024 9.87601 -0.725658
12 7 car 0 168 163 97 20.526 10.0733 -0.760918
13 7 car 0 180 147 90 20.12 9.81826 -0.860234
14 7 car 0 172 135 101 20.526 10.0733 -0.760918
15 7 car 2 184 116 95 20.2905 9.87105 -0.801173
16 7 car 2 177 109 96 22.01 10.5871 -0.329291
17 7 car 0 177 94 92 21.5378 10.1418 -0.432488
18 7 car 0 177 80 93 21.5378 10.1418 -0.432488
19 7 car 0 176 65 93 21.5378 10.1418 -0.432488
20 7 car 2 177 45 96 22.1498 10.4044 -0.642689
