ID, ObjName, MSE x, MSE y, MSE z, AED
0 car 204.966 1.3764 0.541835 12.2186
1 car 26.7021 0.247786 0.261694 4.87307
3 car 37.0872 0.775997 0.41727 4.33729
24 car 4828.47 29.3825 1.78542 69.4461
29 car 10996.5 7.00549 1.57406 104.851
49 truck 33736 55.3901 0.0693193 183.735
50 car 40256.3 146.305 0.0480169 200.943
90 car 140455 2135.92 6.53109 377.595
92 car 157087 2057.97 3.2978 398.933
102 car 30348.1 0.137387 0.378527 174.208
108 car 71008.2 321.037 0.366552 267.076
124 train 98588.5 835.263 1.4945 315.279
-1 Avg 587573 5590.81 16.7661 2113.5
