ID, ObjName, MSE x, MSE y, MSE z, AED
0 car 163.396 1.24329 0.491772 9.3954
1 car 9.10511 0.0522936 0.328407 3.02428
3 car 23.915 0.15772 0.385425 4.03425
24 car 5599.25 28.922 1.64004 74.6769
29 car 12252.2 7.27521 0.806061 110.614
49 truck 33416.8 54.3694 0.0986887 182.758
50 car 36876.8 65.1666 0.164493 192.004
62 car 66839.6 194.083 0.0762624 258.909
90 car 132244 1788.47 4.86154 366.064
92 car 167279 2233.78 5.84749 411.702
102 car 36013.5 65.7917 0.16862 189.763
124 train 96818.1 688.203 0.621984 312.228
-1 Avg 587536 5127.51 15.4908 2115.17
