ID, ObjName, MSE x, MSE y, MSE z, AED
0 car 183.833 3.50047 0.360872 11.7482
1 car 7.5443 0.199477 0.307684 2.79285
3 car 8.07656 0.327926 0.333662 2.68139
24 car 4458.68 27.822 1.16312 66.8869
29 car 10264.2 12.7444 2.71621 101.381
49 truck 29379.5 24.9635 0.0813015 171.46
50 car 39800.2 97.3378 0.245109 199.687
90 car 139146 1729.7 3.87621 375.304
92 car 152939 1936.49 4.11861 393.547
108 car 66126.2 205.189 0.0887805 257.549
124 train 101486 800.538 1.14488 319.758
-1 Avg 543798 4838.81 14.4364 1902.79
