ID, ObjName, MSE x, MSE y, MSE z, AED
0 car 136.122 1.54154 0.399088 8.72874
1 car 9.06629 0.054842 0.328685 3.01881
3 car 22.4444 0.174875 0.378562 3.95839
24 car 5910.56 15.6978 1.09067 76.6831
29 car 12566.3 7.68256 1.59462 112.036
49 truck 31680.6 42.1173 0.132258 177.857
50 car 34305 21.9249 0.719238 185.272
62 car 66624.9 220.789 0.00969211 258.545
90 car 140358 1881.47 5.5291 377.077
92 car 168944 2470.94 6.48106 413.988
102 car 38115.5 41.2065 0.0432004 195.203
108 car 67737.4 299.324 0.420718 260.839
124 train 88269.3 765.65 1.07576 298.352
-1 Avg 654679 5768.57 18.2027 2371.56
