ID, ObjName, MSE x, MSE y, MSE z, AED
0 car 1.17762 0.0275306 0.417981 1.27377
1 car 7.73611 0.175612 0.305965 2.82981
3 car 24.6998 0.158783 0.375316 4.11108
24 car 5396.46 21.8015 1.23606 73.2891
29 car 11544.5 6.46549 1.12197 107.386
49 truck 31541.8 44.0168 0.0809826 177.443
50 car 36925.2 37.7564 0.182025 192.258
62 car 69559.2 329.137 0.0750905 264.364
90 car 139388 1929.8 5.8632 375.822
92 car 160863 2234.97 7.54335 403.84
102 car 37674.7 51.5199 0.0315188 194.145
108 car 62874.8 198.979 0.247774 251.145
124 train 106492 880.799 1.63395 327.649
-1 Avg 662293 5735.6 19.1152 2375.56
