381 49 truck 139 176 155 71 193.275 19.75 -1.36801
382 49 truck 51 176 223 98 193.881 19.9196 -1.52886
383 49 truck 0 178 248 105 193.176 19.7136 -1.569
384 49 truck 0 172 223 138 193.38 19.7941 -1.61439
385 49 truck 2 181 189 143 201.454 22.9896 -2.36046
386 49 truck 0 188 187 135 201.558 22.7161 -2.37146
389 49 truck 5 186 166 66 203.463 23.1607 -1.76859
390 49 truck 3 188 140 68 203.009 23.0881 -1.71477
391 49 truck 1 190 133 76 202.524 22.6046 -1.80503
392 49 truck 2 192 101 68 203.975 23.2355 -1.86385
393 49 truck 1 191 79 70 204.903 23.5133 -1.89582
394 49 truck 5 195 147 87 204.943 21.7982 -1.84806
