561 90 car 310 182 89 45 378.346 55.1521 -4.07182
562 90 car 298 180 92 49 378.898 55.4752 -4.12445
563 90 car 285 181 100 50 374.108 52.9075 -3.89848
564 90 car 280 182 99 53 374.012 52.7723 -3.81278
565 90 car 266 184 101 52 373.2 52.4106 -3.8475
566 90 car 245 178 136 66 373.506 52.8933 -3.86112
567 90 car 238 184 114 59 377.73 55.5273 -4.06244
568 90 car 226 185 112 60 377.754 55.4934 -4.05428
569 90 car 210 185 112 64 377.754 55.4934 -4.05428
570 90 car 190 187 122 65 377.591 55.5281 -3.95921
571 90 car 171 187 129 67 378.082 55.9909 -3.97991
572 90 car 149 188 135 70 378.05 56.0044 -3.99053
573 90 car 129 188 142 75 378.05 56.0044 -3.99053
574 90 car 107 187 150 79 378.002 55.926 -3.98544
575 90 car 69 185 272 106 377.114 54.2833 -3.97793
576 90 car 60 199 284 116 376.937 53.6152 -4.06023
577 90 car 7 205 320 147 376.206 50.8435 -4.21242
578 90 car 0 200 323 175 376.104 50.9407 -4.14944
579 90 car 4 200 272 175 376.286 50.989 -4.05727
580 90 car 0 215 256 160 376.387 51.046 -4.01994
581 90 car 5 210 198 165 380.556 55.3229 -3.95377
582 90 car 2 245 155 130 376.721 50.9432 -4.00815
583 90 car 1 198 126 99 379.927 55.1064 -3.73341
584 90 car 3 207 93 100 379.104 53.9175 -3.68092
585 90 car 2 201 62 112 379.467 54.1985 -3.66941
