224 24 car 267 183 93 52 75.2174 0.117535 0.183165
225 24 car 267 183 93 52 82.0059 2.60028 -0.155751
226 24 car 224 185 108 56 83.6881 3.27734 -0.205356
227 24 car 224 185 108 56 85.9909 4.24821 -0.146154
228 24 car 224 185 108 56 87.7199 4.93354 -0.0873307
229 24 car 224 185 108 56 88.7408 5.31878 -0.115398
230 24 car 130 183 160 80 86.711 4.57254 -0.179571
231 24 car 116 183 161 82 85.8729 4.2072 -0.276999
232 24 car 84 184 177 85 87.4942 5.11603 -0.297509
233 24 car 84 184 177 85 88.4059 5.33704 -0.179361
234 24 car 84 184 177 85 87.7721 4.71166 -0.248189
235 24 car 84 184 177 85 89.6027 5.35607 -0.162231
