1 3 car 332 184 130 86 13.2637 3.35749 -0.736811
2 3 car 335 187 129 84 13.2748 3.31445 -0.786365
3 3 car 320 187 136 86 13.251 3.3366 -0.762432
4 3 car 328 188 131 87 13.2748 3.31445 -0.786365
5 3 car 327 188 134 87 13.2426 3.27748 -0.782233
6 3 car 324 188 137 89 13.2588 3.21756 -0.75956
7 3 car 320 188 140 91 13.2588 3.21756 -0.75956
8 3 car 316 188 142 92 13.2588 3.21756 -0.75956
9 3 car 312 188 145 94 13.2426 3.27748 -0.782233
10 3 car 309 188 147 95 13.249 3.26836 -0.712151
11 3 car 305 188 150 97 14.4659 3.35672 -0.892839
12 3 car 300 187 153 98 14.4659 3.35672 -0.892839
13 3 car 297 188 155 99 14.4659 3.35672 -0.892839
14 3 car 293 189 157 100 13.9681 3.43464 -0.805729
15 3 car 291 190 159 99 14.7047 3.2775 -1.05767
16 3 car 289 190 161 100 14.7047 3.2775 -1.05767
17 3 car 287 189 163 101 14.4659 3.35672 -0.892839
18 3 car 286 190 163 102 14.7047 3.2775 -1.05767
19 3 car 284 191 163 102 14.7047 3.2775 -1.05767
20 3 car 283 191 163 102 14.5602 3.27051 -1.03402
21 3 car 281 190 164 103 14.3453 3.2304 -0.942932
22 3 car 278 190 166 104 13.9681 3.43464 -0.805729
23 3 car 277 190 168 106 14.3154 3.34761 -0.868373
24 3 car 274 190 168 107 14.0182 3.4405 -0.821769
25 3 car 272 189 170 108 13.9681 3.43464 -0.805729
26 3 car 270 189 171 109 13.9714 3.47227 -0.788397
27 3 car 269 190 171 109 13.8301 3.48861 -0.763914
28 3 car 267 190 173 109 14.1364 3.50503 -0.854826
29 3 car 266 190 174 109 13.8083 3.39455 -0.951084
30 3 car 263 189 175 109 13.8645 3.5403 -0.824583
31 3 car 263 190 174 109 13.8645 3.5403 -0.824583
32 3 car 262 189 177 111 14.4364 3.39756 -0.885674
33 3 car 261 189 177 112 13.8863 3.48974 -0.779046
34 3 car 259 188 179 113 14.4865 3.41501 -0.870521
35 3 car 259 188 178 114 13.9586 3.48592 -0.801322
36 3 car 257 189 179 114 13.9328 3.47704 -0.822547
37 3 car 256 190 179 115 13.8619 3.48046 -0.801629
38 3 car 253 192 181 115 13.613 3.38027 -0.891603
39 3 car 251 192 183 115 13.6541 3.38383 -0.894183
40 3 car 249 192 185 117 13.6404 3.41298 -0.80742
41 3 car 246 192 188 118 14.3735 3.37763 -0.919521
42 3 car 243 192 190 119 14.3735 3.37763 -0.919521
43 3 car 240 193 191 121 13.9419 3.39885 -0.841642
44 3 car 237 193 194 123 14.311 3.33617 -0.866584
45 3 car 233 193 197 124 14.443 3.37659 -0.866822
46 3 car 227 194 201 127 14.443 3.37659 -0.866822
47 3 car 218 194 207 131 14.2352 3.43846 -0.826861
48 3 car 210 192 213 135 14.443 3.37659 -0.866822
49 3 car 202 191 219 136 14.2891 3.3312 -0.840287
50 3 car 191 190 227 136 14.3454 3.33679 -0.837895
51 3 car 176 194 237 141 14.619 3.4081 -0.894434
52 3 car 163 197 246 145 14.619 3.4081 -0.894434
53 3 car 148 199 253 147 13.6473 3.4623 -0.903596
54 3 car 130 201 268 151 13.6896 3.45488 -0.902886
55 3 car 94 195 302 166 13.6431 3.51048 -0.897237
56 3 car 69 200 317 168 13.5466 3.58505 -0.856432
57 3 car 46 204 329 167 13.5214 3.51485 -0.881441
58 3 car 20 206 346 168 13.9745 3.44329 -0.825515
59 3 car 4 208 355 167 13.9745 3.44329 -0.825515
60 3 car 0 209 357 166 13.8318 3.52522 -0.772624
61 3 car 0 211 349 162 14.0252 3.46782 -0.790115
62 3 car 0 214 332 156 14.0096 3.41395 -0.795648
63 3 car 0 216 314 151 14.74 3.43654 -0.843832
64 3 car 0 221 290 144 15.0005 3.36911 -0.860771
65 3 car 0 225 266 139 15.0909 3.37066 -0.865174
66 3 car 0 231 249 132 15.0407 3.50097 -0.7462
67 3 car 4 244 213 119 15.1741 3.28525 -0.751837
68 3 car 6 268 176 98 15.7259 3.2647 -0.838172
