1 1 car 10 195 178 110 11.8454 7.39042 -1.00005
2 1 car 5 192 166 116 12.1826 7.68565 -0.938173
3 1 car 7 192 163 117 12.1826 7.68565 -0.938173
4 1 car 10 193 155 112 11.8454 7.39042 -1.00005
5 1 car 12 195 145 108 11.8454 7.39042 -1.00005
6 1 car 10 196 139 110 12.8923 8.18247 -0.873167
7 1 car 11 196 126 111 13.3667 8.41935 -0.855549
8 1 car 9 198 122 108 13.5351 8.39735 -0.925755
9 1 car 7 200 116 104 13.5176 8.33463 -0.95247
10 1 car 10 199 103 108 13.4682 8.25629 -0.976249
11 1 car 7 198 101 108 13.6434 8.36775 -0.962567
12 1 car 6 194 100 115 13.7447 8.35154 -0.988005
13 1 car 5 194 94 114 14.0221 8.38966 -1.06876
14 1 car 5 194 94 114 14.1449 8.41939 -1.05201
15 1 car 5 194 94 114 14.3917 8.36794 -1.08138
16 1 car 0 197 70 116 14.1674 8.28047 -1.13635
17 1 car 0 197 70 116 14.5939 8.46005 -1.07701
