1 0 car 685 188 109 99 11.0015 -2.01933 -0.698187
2 0 car 685 188 109 99 11.0015 -2.01933 -0.698187
3 0 car 685 188 109 99 11.0015 -2.01933 -0.698187
57 0 car 695 191 104 74 20.2045 -3.06623 -0.58617
58 0 car 695 191 104 74 21.7341 -3.1574 -0.541879
59 0 car 695 191 104 74 21.7341 -3.1574 -0.541879
60 0 car 695 191 104 74 21.7341 -3.1574 -0.541879
88 0 car 689 181 99 68 30.4528 -2.75397 -0.477221
89 0 car 689 181 99 68 30.4528 -2.75397 -0.477221
90 0 car 689 181 99 68 30.4528 -2.75397 -0.477221
91 0 car 689 181 99 68 30.4528 -2.75397 -0.477221
95 0 car 681 182 88 62 28.7559 -1.15889 -0.194622
96 0 car 682 182 82 62 28.7559 -1.15889 -0.194622
97 0 car 681 182 81 61 28.7559 -1.15889 -0.194622
98 0 car 668 184 89 55 27.9241 -0.958858 -0.159377
99 0 car 668 184 89 55 41.0326 -2.40367 -0.460351
100 0 car 668 184 89 55 41.0471 -2.58712 -0.353085
101 0 car 668 184 89 55 41.0471 -2.58712 -0.353085
125 0 car 661 180 43 34 58.2011 -0.816518 -0.502587
126 0 car 661 180 43 34 58.2011 -0.816518 -0.502587
127 0 car 658 178 43 33 58.2011 -0.816518 -0.502587
182 0 car 568 183 81 61 56.9555 -1.1341 -0.40829
183 0 car 560 182 81 59 56.8931 -1.06592 -0.433706
184 0 car 552 182 77 58 56.2987 -1.01071 -0.376288
185 0 car 552 182 77 58 67.7553 -0.995629 -0.294389
186 0 car 548 181 69 55 67.7818 -0.992678 -0.245488
187 0 car 548 180 59 53 67.7818 -0.992678 -0.245488
188 0 car 530 181 73 49 67.6699 -1.079 -0.337988
189 0 car 527 180 72 52 67.6699 -1.079 -0.337988
190 0 car 523 180 72 53 67.6699 -1.079 -0.337988
191 0 car 521 179 68 54 67.6699 -1.079 -0.337988
192 0 car 522 179 63 53 67.7234 -1.04097 -0.303163
193 0 car 519 179 61 53 76.5595 -0.378454 0.0242068
194 0 car 519 179 61 53 76.3892 -0.430355 -0.0690437
195 0 car 517 180 65 48 76.6289 -0.548263 -0.121702
196 0 car 516 181 66 46 76.6289 -0.548263 -0.121702
197 0 car 516 181 66 46 76.6289 -0.548263 -0.121702
198 0 car 514 181 67 47 76.8831 -0.568234 -0.244507
199 0 car 514 181 67 47 70.6562 0.0803438 -0.0043061
200 0 car 519 173 59 53 72.6997 0.106778 0.0326777
