224 24 car 254 184 90 48 78.2604 0.50437 0.190224
225 24 car 230 180 112 71 81.6317 1.74472 0.0662149
226 24 car 219 185 106 55 84.2047 2.74944 -0.0126686
227 24 car 202 186 113 54 90.0774 5.04088 -0.15264
228 24 car 184 185 115 69 89.7193 4.86519 -0.139486
229 24 car 168 188 121 60 90.3708 5.12287 -0.169611
230 24 car 140 188 134 70 86.4254 3.32466 -0.17214
231 24 car 174 191 155 104 90.7128 4.72568 -0.321615
232 24 car 145 192 245 145 90.7136 4.45569 -0.369003
233 24 car 116 194 268 161 90.175 4.24405 -0.353145
234 24 car 61 200 308 141 90.7591 4.38402 -0.423494
235 24 car 8 176 338 199 91.142 4.76178 -0.280274
236 24 car 0 195 348 173 91.1906 4.72061 -0.330759
237 24 car 14 192 299 183 91.4918 4.74551 -0.351187
238 24 car 0 211 307 164 91.2832 4.41927 -0.403345
239 24 car 12 216 247 159 92.055 4.65145 -0.416547
240 24 car 7 237 227 138 91.1901 4.12076 -0.650701
