1 0 car 685 188 109 99 11.0015 -2.01933 -0.698187
2 0 car 685 188 109 99 11.0015 -2.01933 -0.698187
3 0 car 685 188 109 99 11.0015 -2.01933 -0.698187
5 0 car 689 184 126 75 11.0879 -1.97678 -0.474545
6 0 car 701 194 109 54 11.0879 -1.97678 -0.474545
7 0 car 696 188 123 84 11.0398 -1.97053 -0.673308
8 0 car 706 194 108 72 11.0398 -1.97053 -0.673308
9 0 car 710 195 105 54 11.0879 -1.97678 -0.474545
10 0 car 696 190 135 83 11.0398 -1.97053 -0.673308
11 0 car 711 194 113 76 11.0398 -1.97053 -0.673308
12 0 car 714 195 108 55 11.0879 -1.97678 -0.474545
13 0 car 703 190 130 84 11.0398 -1.97053 -0.673308
14 0 car 716 193 111 82 11.0398 -1.97053 -0.673308
15 0 car 716 193 113 91 11.0398 -1.97053 -0.673308
16 0 car 716 190 114 99 12.9786 -2.06054 -0.596876
17 0 car 719 188 112 101 12.9786 -2.06054 -0.596876
18 0 car 719 190 112 94 12.9786 -2.06054 -0.596876
19 0 car 719 191 113 95 12.9786 -2.06054 -0.596876
20 0 car 720 190 111 95 12.9786 -2.06054 -0.596876
21 0 car 720 190 111 93 12.9786 -2.06054 -0.596876
22 0 car 719 189 112 96 12.9786 -2.06054 -0.596876
23 0 car 719 187 112 96 12.9786 -2.06054 -0.596876
24 0 car 718 187 114 94 12.9786 -2.06054 -0.596876
25 0 car 719 188 111 93 12.9786 -2.06054 -0.596876
26 0 car 718 188 110 90 12.9786 -2.06054 -0.596876
27 0 car 717 189 110 89 12.9786 -2.06054 -0.596876
28 0 car 716 189 111 89 12.9786 -2.06054 -0.596876
29 0 car 713 188 112 87 12.9786 -2.06054 -0.596876
30 0 car 714 189 109 84 12.9786 -2.06054 -0.596876
31 0 car 713 188 108 86 18.0523 -2.46281 -0.73707
32 0 car 711 188 109 84 18.0523 -2.46281 -0.73707
33 0 car 710 189 105 83 18.0523 -2.46281 -0.73707
34 0 car 708 189 106 80 18.0523 -2.46281 -0.73707
35 0 car 707 190 104 78 18.0523 -2.46281 -0.73707
36 0 car 705 190 105 77 18.0523 -2.46281 -0.73707
37 0 car 705 190 102 78 18.0523 -2.46281 -0.73707
38 0 car 703 189 102 76 18.0523 -2.46281 -0.73707
39 0 car 704 189 98 75 18.0523 -2.46281 -0.73707
40 0 car 703 190 98 71 18.1215 -2.45306 -0.765745
41 0 car 704 191 96 69 18.1743 -2.42197 -0.777277
42 0 car 706 191 93 72 18.4214 -2.39846 -0.780979
43 0 car 704 191 96 75 18.4214 -2.39846 -0.780979
44 0 car 705 189 91 60 18.4214 -2.39846 -0.780979
45 0 car 703 194 94 50 18.4214 -2.39846 -0.780979
46 0 car 697 192 106 70 18.463 -2.36318 -0.792829
47 0 car 702 189 93 55 18.4214 -2.39846 -0.780979
48 0 car 702 194 94 43 18.5804 -2.37157 -0.754187
49 0 car 697 189 103 66 18.463 -2.36318 -0.792829
50 0 car 700 191 94 67 18.4214 -2.39846 -0.780979
51 0 car 701 193 93 64 20.3593 -2.83293 -0.787446
52 0 car 701 195 95 64 20.3593 -2.83293 -0.787446
53 0 car 701 193 90 50 20.3937 -2.87971 -0.700873
54 0 car 696 193 104 68 20.3593 -2.83293 -0.787446
55 0 car 701 192 91 55 20.3593 -2.83293 -0.787446
56 0 car 700 195 92 49 20.3937 -2.87971 -0.700873
57 0 car 697 192 98 72 20.3593 -2.83293 -0.787446
58 0 car 699 194 93 67 20.3593 -2.83293 -0.787446
59 0 car 702 193 87 52 20.3593 -2.83293 -0.787446
60 0 car 694 192 104 71 20.3593 -2.83293 -0.787446
61 0 car 698 191 95 72 20.3593 -2.83293 -0.787446
62 0 car 700 192 91 70 20.3593 -2.83293 -0.787446
63 0 car 700 190 88 59 20.3593 -2.83293 -0.787446
64 0 car 699 192 92 57 20.3593 -2.83293 -0.787446
65 0 car 701 190 91 63 20.3593 -2.83293 -0.787446
66 0 car 702 189 91 49 20.3937 -2.87971 -0.700873
67 0 car 695 188 104 67 20.3593 -2.83293 -0.787446
68 0 car 700 185 94 72 20.3593 -2.83293 -0.787446
69 0 car 701 187 91 52 20.3593 -2.83293 -0.787446
70 0 car 695 188 106 69 20.3593 -2.83293 -0.787446
71 0 car 700 187 97 71 20.3593 -2.83293 -0.787446
72 0 car 702 185 90 56 20.452 -2.91171 -0.811596
73 0 car 699 188 98 51 20.452 -2.91171 -0.811596
74 0 car 692 183 112 74 20.452 -2.91171 -0.811596
75 0 car 697 185 100 68 20.452 -2.91171 -0.811596
76 0 car 698 186 96 48 20.4524 -3.24173 -0.638827
77 0 car 692 184 110 70 20.452 -2.91171 -0.811596
78 0 car 698 186 96 49 20.4524 -3.24173 -0.638827
79 0 car 701 189 91 41 20.4524 -3.24173 -0.638827
80 0 car 693 184 108 64 20.452 -2.91171 -0.811596
81 0 car 698 187 94 62 27.7664 -1.98228 -0.659888
82 0 car 700 188 88 45 32.5627 -1.35405 -0.571907
83 0 car 696 185 97 67 33.3818 -1.91299 -0.608043
84 0 car 697 187 90 66 33.3818 -1.91299 -0.608043
85 0 car 697 187 89 48 33.3818 -1.91299 -0.608043
86 0 car 689 186 105 66 33.3818 -1.91299 -0.608043
87 0 car 694 186 91 65 33.3818 -1.91299 -0.608043
88 0 car 693 187 86 46 33.3818 -1.91299 -0.608043
89 0 car 686 185 101 65 33.3818 -1.91299 -0.608043
90 0 car 691 185 87 62 33.3818 -1.91299 -0.608043
91 0 car 689 186 85 45 37.0886 -1.87736 -0.492737
92 0 car 679 184 102 65 37.0886 -1.87736 -0.492737
93 0 car 686 185 85 61 37.0886 -1.87736 -0.492737
94 0 car 686 184 79 42 37.0886 -1.87736 -0.492737
95 0 car 678 182 96 61 37.0886 -1.87736 -0.492737
96 0 car 681 184 83 58 37.0886 -1.87736 -0.492737
97 0 car 681 185 76 56 37.0886 -1.87736 -0.492737
98 0 car 681 185 73 55 37.0886 -1.87736 -0.492737
99 0 car 679 186 73 50 37.0886 -1.87736 -0.492737
100 0 car 677 184 72 54 37.0886 -1.87736 -0.492737
101 0 car 676 184 70 52 37.0886 -1.87736 -0.492737
102 0 car 675 184 68 49 37.0886 -1.87736 -0.492737
103 0 car 674 183 65 48 37.0886 -1.87736 -0.492737
104 0 car 672 185 64 30 37.0886 -1.87736 -0.492737
105 0 car 665 182 78 44 37.0886 -1.87736 -0.492737
106 0 car 670 183 64 43 37.0886 -1.87736 -0.492737
107 0 car 670 184 61 43 37.0886 -1.87736 -0.492737
108 0 car 669 183 60 43 37.0886 -1.87736 -0.492737
109 0 car 669 183 59 43 37.0886 -1.87736 -0.492737
110 0 car 667 183 58 42 37.0886 -1.87736 -0.492737
111 0 car 666 182 56 40 37.1547 -1.70395 -0.451873
112 0 car 665 183 57 39 25.1542 -0.0132862 -0.0684211
113 0 car 665 181 54 40 16.9756 0.794162 0.188293
114 0 car 665 184 53 35 14.6405 1.19006 0.287645
115 0 car 664 181 52 39 16.9756 0.794162 0.188293
116 0 car 663 182 52 36 14.6061 1.18156 0.264522
117 0 car 662 182 52 37 15.8405 0.973077 0.213371
118 0 car 662 181 51 36 14.9811 1.09714 0.314171
119 0 car 662 181 51 34 14.9811 1.09714 0.314171
120 0 car 662 182 48 32 14.9811 1.09714 0.314171
121 0 car 662 182 47 33 60.2771 -0.317769 -0.67006
122 0 car 661 181 46 35 60.2771 -0.317769 -0.67006
123 0 car 660 181 46 31 60.2771 -0.317769 -0.67006
124 0 car 660 181 45 30 60.2771 -0.317769 -0.67006
125 0 car 659 182 44 29 60.2771 -0.317769 -0.67006
126 0 car 659 182 43 29 60.2771 -0.317769 -0.67006
127 0 car 659 181 41 29 60.2771 -0.317769 -0.67006
176 0 car 640 182 69 40 49.3615 1.05531 -0.268525
177 0 car 611 181 99 58 61.2076 -0.707514 -0.42145
178 0 car 596 186 104 71 61.2396 -0.721249 -0.586774
179 0 car 588 181 99 79 61.4445 -0.578237 -0.446971
180 0 car 579 181 95 74 61.4445 -0.578237 -0.446971
181 0 car 571 181 90 73 61.3405 -0.620508 -0.404461
182 0 car 564 180 87 72 61.3405 -0.620508 -0.404461
183 0 car 555 180 86 68 61.3405 -0.620508 -0.404461
184 0 car 548 181 83 66 60.6399 -0.515807 -0.378567
185 0 car 544 182 79 63 60.6035 -1.02171 -0.440152
186 0 car 540 182 74 63 60.6035 -1.02171 -0.440152
187 0 car 536 182 73 63 58.8912 -0.700842 -0.384465
188 0 car 531 181 73 60 72.6024 -0.298263 -0.519934
189 0 car 527 182 71 59 72.6024 -0.298263 -0.519934
190 0 car 526 182 66 59 72.6024 -0.298263 -0.519934
191 0 car 523 179 65 53 72.6024 -0.298263 -0.519934
192 0 car 524 183 63 51 72.5712 0.0342262 -0.47675
193 0 car 522 183 60 52 78.0161 -0.0681166 -0.284171
194 0 car 523 184 57 51 78.2558 -0.186025 -0.336829
195 0 car 521 182 59 43 78.2558 -0.186025 -0.336829
196 0 car 522 182 57 47 78.51 -0.205995 -0.459634
197 0 car 521 181 58 48 78.2558 -0.186025 -0.336829
198 0 car 521 179 58 50 78.2558 -0.186025 -0.336829
199 0 car 523 179 56 50 78.255 0.410022 -0.257075
200 0 car 524 178 56 49 78.255 0.410022 -0.257075
