381 49 truck 139 176 155 71 188.457 18.0986 -1.00485
382 49 truck 51 176 223 98 187.801 18.0208 -1.04859
383 49 truck 0 178 248 105 187.177 17.8431 -1.0848
384 49 truck 0 172 223 138 188.106 18.2821 -1.19934
385 49 truck 2 181 189 143 193.81 20.1845 -1.66208
386 49 truck 0 188 187 135 194.136 20.1616 -1.76907
389 49 truck 5 186 166 66 199.778 22.9279 -1.40588
390 49 truck 3 188 140 68 198.438 21.8919 -1.28606
391 49 truck 1 190 133 76 198.223 21.5137 -1.37445
392 49 truck 2 192 101 68 202.051 24.1041 -1.59136
393 49 truck 1 191 79 70 202.51 23.9958 -1.60671
394 49 truck 5 195 147 87 200.619 21.029 -1.48839
