1 0 car 685 188 109 99 11.0015 -2.01933 -0.698187
2 0 car 685 188 109 99 11.0015 -2.01933 -0.698187
3 0 car 685 188 109 99 11.0015 -2.01933 -0.698187
57 0 car 695 191 104 74 19.4758 -2.98493 -0.651838
58 0 car 695 191 104 74 21.0811 -3.02643 -0.61705
59 0 car 695 191 104 74 21.0811 -3.02643 -0.61705
60 0 car 695 191 104 74 21.0811 -3.02643 -0.61705
88 0 car 689 181 99 68 29.2964 -2.78186 -0.517149
89 0 car 689 181 99 68 29.2964 -2.78186 -0.517149
90 0 car 689 181 99 68 29.2964 -2.78186 -0.517149
91 0 car 689 181 99 68 29.2964 -2.78186 -0.517149
95 0 car 681 182 88 62 27.6596 -1.16943 -0.240029
96 0 car 682 182 82 62 27.6596 -1.16943 -0.240029
97 0 car 681 182 81 61 27.6596 -1.16943 -0.240029
98 0 car 668 184 89 55 26.8278 -0.969391 -0.204783
99 0 car 668 184 89 55 40.0182 -2.38384 -0.514492
100 0 car 668 184 89 55 40.0327 -2.5673 -0.407225
101 0 car 668 184 89 55 40.0327 -2.5673 -0.407225
125 0 car 661 180 43 34 49.8249 0.129443 -0.329298
126 0 car 661 180 43 34 48.8812 0.151611 -0.253545
127 0 car 658 178 43 33 49.8249 0.129443 -0.329298
128 0 car 658 178 43 33 58.8849 -0.363865 -0.503389
129 0 car 658 178 43 33 58.8849 -0.363865 -0.503389
130 0 car 658 178 43 33 52.6984 -0.0626491 -0.314081
