1 3 car 332 184 130 86 13.2637 3.35749 -0.736811
2 3 car 336 188 129 83 13.1726 3.23376 -1.00436
3 3 car 318 188 136 85 13.251 3.3366 -0.762432
4 3 car 335 186 126 89 13.2801 3.30341 -0.713191
5 3 car 319 186 131 90 13.2415 3.37959 -0.712807
6 3 car 330 186 131 92 13.249 3.26836 -0.712151
7 3 car 318 186 141 95 13.2345 3.32171 -0.734903
8 3 car 315 188 143 92 13.2426 3.27748 -0.782233
9 3 car 309 187 148 94 13.2345 3.32171 -0.734903
10 3 car 308 187 147 96 13.2345 3.32171 -0.734903
11 3 car 302 188 152 97 14.4368 3.41892 -0.872625
12 3 car 299 187 155 98 14.4368 3.41892 -0.872625
13 3 car 297 188 154 98 13.9488 3.44356 -0.803474
14 3 car 293 189 159 99 14.4467 3.36564 -0.890584
15 3 car 291 190 160 99 14.6854 3.28642 -1.05542
16 3 car 289 190 161 101 14.6854 3.28642 -1.05542
17 3 car 288 191 164 99 14.6854 3.28642 -1.05542
18 3 car 284 191 165 101 14.6854 3.28642 -1.05542
19 3 car 287 192 159 101 13.8479 3.37247 -1.02447
20 3 car 283 189 162 104 13.8022 3.4578 -0.779355
21 3 car 280 190 165 105 14.326 3.23932 -0.940677
22 3 car 279 191 167 105 14.6854 3.28642 -1.05542
23 3 car 276 189 168 106 14.2994 3.35782 -0.866264
24 3 car 275 189 167 108 14.0031 3.45109 -0.819703
25 3 car 273 189 168 107 13.849 3.49204 -0.829477
26 3 car 271 190 168 107 13.7303 3.49472 -0.782983
27 3 car 269 189 172 108 14.0098 3.44643 -0.81158
28 3 car 265 189 177 109 14.3046 3.35423 -0.859988
29 3 car 264 190 175 108 13.7247 3.37909 -0.947847
30 3 car 261 183 182 100 14.2277 3.36245 -0.822438
31 3 car 266 188 173 103 14.3766 3.43188 -0.884333
32 3 car 261 188 175 110 13.6907 3.50252 -0.776619
33 3 car 264 190 173 111 13.8249 3.48259 -0.776496
34 3 car 260 189 179 113 14.3875 3.39516 -0.883212
35 3 car 259 189 176 115 13.6907 3.50252 -0.776619
36 3 car 255 191 180 113 13.7828 3.49859 -0.805264
37 3 car 257 191 178 115 13.9172 3.48317 -0.825621
38 3 car 251 192 185 115 14.3799 3.31318 -0.966787
39 3 car 251 190 182 116 13.6489 3.38138 -0.863851
40 3 car 249 191 184 117 13.6196 3.41112 -0.831551
41 3 car 246 191 187 120 13.7182 3.38336 -0.811411
42 3 car 243 193 191 119 14.3734 3.33608 -0.936249
43 3 car 238 193 193 120 13.7547 3.38124 -0.83323
44 3 car 234 192 196 124 14.1926 3.43325 -0.829266
45 3 car 232 192 199 126 14.3214 3.35115 -0.85533
46 3 car 226 194 204 128 14.3214 3.35115 -0.85533
47 3 car 218 193 207 132 14.1926 3.43325 -0.829266
48 3 car 209 191 213 137 14.1926 3.43325 -0.829266
49 3 car 198 190 226 134 14.2541 3.33008 -0.841709
50 3 car 183 197 234 135 14.5492 3.39176 -0.884028
51 3 car 178 194 235 130 14.3922 3.36934 -0.852886
52 3 car 157 200 255 142 14.5804 3.37822 -0.964046
53 3 car 143 202 257 144 12.8374 3.5295 -0.804066
54 3 car 126 205 271 144 13.5403 3.46608 -0.881056
55 3 car 94 207 293 145 12.8374 3.5295 -0.804066
56 3 car 21 200 386 161 13.4284 3.57069 -0.839632
57 3 car 14 207 370 162 13.3853 3.50926 -0.86901
58 3 car 1 206 378 165 13.8787 3.41219 -0.809023
59 3 car 0 210 378 158 13.8787 3.41219 -0.809023
60 3 car 0 207 363 167 13.6984 3.47214 -0.752605
61 3 car 1 207 326 165 13.7377 3.40514 -0.75227
62 3 car 9 212 313 156 13.9652 3.36416 -0.781422
63 3 car 10 216 294 149 14.6129 3.39068 -0.824159
64 3 car 0 219 284 146 14.8907 3.33209 -0.843275
65 3 car 5 220 242 149 14.9801 3.3332 -0.847604
66 3 car 11 229 225 137 15.1597 3.41221 -0.728822
67 3 car 12 243 194 127 15.1166 3.2471 -0.760261
68 3 car 5 280 162 90 15.619 3.22958 -0.821007
