381 49 truck 141 176 153 70 185.331 16.5902 -1.0105
382 49 truck 62 175 215 98 186.478 17.3271 -1.10044
383 49 truck 1 178 239 105 185.877 17.1567 -1.13481
384 49 truck 0 180 248 121 188.432 18.3284 -1.37757
385 49 truck 0 186 239 130 192.832 19.6433 -1.76766
386 49 truck 0 192 225 137 192.563 19.3113 -1.78111
388 49 truck 0 190 178 95 193.477 19.3287 -1.69171
389 49 truck 5 187 159 79 199.803 23.6439 -1.49605
390 49 truck 9 188 146 69 201.658 24.4969 -1.639
391 49 truck 7 191 133 65 198.813 22.2596 -1.52071
392 49 truck 3 195 115 62 201.66 23.4135 -1.64561
393 49 truck 0 196 95 58 202.252 23.5615 -1.61516
394 49 truck 0 196 95 58 201.203 22.5357 -1.55651
