1 1 car 7 190 177 124 12.1826 7.68565 -0.938173
2 1 car 5 192 172 121 12.1826 7.68565 -0.938173
3 1 car 6 192 164 120 12.1826 7.68565 -0.938173
4 1 car 4 195 157 117 12.1826 7.68565 -0.938173
5 1 car 8 196 147 115 12.1826 7.68565 -0.938173
6 1 car 4 193 144 118 11.7182 7.40416 -0.895558
7 1 car 4 195 132 116 11.7911 7.40547 -0.840641
8 1 car 5 198 123 110 11.7911 7.40547 -0.840641
9 1 car 5 203 114 103 11.9421 7.4093 -0.874505
16 1 car 290 188 163 96 14.2652 3.2912 -0.877793
17 1 car 210 181 90 75 18.9135 7.47768 -0.578506
