1 0 car 685 188 109 99 11.0015 -2.01933 -0.698187
2 0 car 685 188 109 99 11.0015 -2.01933 -0.698187
3 0 car 685 188 109 99 11.0015 -2.01933 -0.698187
5 0 car 689 184 126 75 11.0879 -1.97678 -0.474545
6 0 car 701 194 109 54 11.0879 -1.97678 -0.474545
7 0 car 696 188 123 84 11.0398 -1.97053 -0.673308
8 0 car 706 194 108 72 11.0398 -1.97053 -0.673308
9 0 car 710 195 105 54 11.0879 -1.97678 -0.474545
10 0 car 696 190 135 83 11.0398 -1.97053 -0.673308
11 0 car 711 194 113 76 13.5338 -2.1885 -0.546326
12 0 car 714 195 108 55 13.6618 -2.20006 -0.453581
13 0 car 703 190 130 84 13.7859 -2.12034 -0.65616
14 0 car 716 193 111 82 13.5338 -2.1885 -0.546326
15 0 car 716 193 113 91 13.5338 -2.1885 -0.546326
16 0 car 716 190 114 99 13.5338 -2.1885 -0.546326
17 0 car 719 188 112 101 13.5338 -2.1885 -0.546326
18 0 car 719 190 112 94 13.6335 -2.10823 -0.527518
19 0 car 719 191 113 95 13.5338 -2.1885 -0.546326
20 0 car 720 190 111 95 13.6335 -2.10823 -0.527518
21 0 car 720 190 111 93 13.5338 -2.1885 -0.546326
22 0 car 719 189 112 96 13.5338 -2.1885 -0.546326
23 0 car 719 187 112 96 13.5338 -2.1885 -0.546326
24 0 car 718 187 114 94 13.5338 -2.1885 -0.546326
25 0 car 719 188 111 93 13.5338 -2.1885 -0.546326
26 0 car 718 188 110 90 13.5338 -2.1885 -0.546326
27 0 car 717 189 110 89 13.5338 -2.1885 -0.546326
28 0 car 716 189 111 89 13.5338 -2.1885 -0.546326
29 0 car 713 188 112 87 13.4726 -2.16794 -0.55685
30 0 car 714 189 109 84 13.4726 -2.16794 -0.55685
31 0 car 713 188 108 86 13.4726 -2.16794 -0.55685
32 0 car 711 188 109 84 13.4726 -2.16794 -0.55685
33 0 car 710 189 105 83 13.4726 -2.16794 -0.55685
34 0 car 708 189 106 80 13.4726 -2.16794 -0.55685
35 0 car 707 190 104 78 13.4726 -2.16794 -0.55685
36 0 car 705 190 105 77 13.4726 -2.16794 -0.55685
37 0 car 705 190 102 78 13.4726 -2.16794 -0.55685
38 0 car 703 189 102 76 13.4726 -2.16794 -0.55685
39 0 car 704 189 98 75 13.4726 -2.16794 -0.55685
40 0 car 703 190 98 71 13.4726 -2.16794 -0.55685
41 0 car 704 191 96 69 13.4726 -2.16794 -0.55685
42 0 car 706 191 93 72 13.716 -2.06581 -0.498892
43 0 car 704 191 96 75 13.716 -2.06581 -0.498892
44 0 car 705 189 91 60 13.716 -2.06581 -0.498892
45 0 car 703 194 94 50 13.7488 -2.00467 -0.52126
46 0 car 697 192 106 70 13.716 -2.06581 -0.498892
47 0 car 702 189 93 55 13.716 -2.06581 -0.498892
48 0 car 702 194 94 43 13.9556 -2.05652 -0.344081
49 0 car 697 189 103 66 13.716 -2.06581 -0.498892
50 0 car 700 191 94 67 13.716 -2.06581 -0.498892
51 0 car 701 193 93 64 13.716 -2.06581 -0.498892
52 0 car 701 195 95 64 13.716 -2.06581 -0.498892
53 0 car 701 193 90 50 19.7004 -3.15008 -0.549086
54 0 car 696 193 104 68 19.7004 -3.15008 -0.549086
55 0 car 701 192 91 55 19.7004 -3.15008 -0.549086
56 0 car 700 195 92 49 19.7004 -3.15008 -0.549086
57 0 car 697 192 98 72 19.7004 -3.15008 -0.549086
58 0 car 699 194 93 67 21.3631 -3.17928 -0.518521
59 0 car 702 193 87 52 21.3631 -3.17928 -0.518521
60 0 car 694 192 104 71 21.3631 -3.17928 -0.518521
61 0 car 698 191 95 72 21.3288 -3.15093 -0.542686
62 0 car 700 192 91 70 21.3288 -3.15093 -0.542686
63 0 car 700 190 88 59 21.3288 -3.15093 -0.542686
64 0 car 699 192 92 57 21.3288 -3.15093 -0.542686
65 0 car 701 190 91 63 21.3288 -3.15093 -0.542686
66 0 car 702 189 91 49 21.3288 -3.15093 -0.542686
67 0 car 695 188 104 67 21.3288 -3.15093 -0.542686
68 0 car 700 185 94 72 21.3288 -3.15093 -0.542686
69 0 car 701 187 91 52 21.3288 -3.15093 -0.542686
70 0 car 695 188 106 69 21.3288 -3.15093 -0.542686
71 0 car 700 187 97 71 21.3288 -3.15093 -0.542686
72 0 car 702 185 90 56 21.3288 -3.15093 -0.542686
73 0 car 699 188 98 51 21.3288 -3.15093 -0.542686
74 0 car 692 183 112 74 21.3288 -3.15093 -0.542686
75 0 car 697 185 100 68 21.3288 -3.15093 -0.542686
76 0 car 698 186 96 48 21.3288 -3.15093 -0.542686
77 0 car 692 184 110 70 21.3288 -3.15093 -0.542686
78 0 car 698 186 96 49 21.3288 -3.15093 -0.542686
79 0 car 701 189 91 41 21.3288 -3.15093 -0.542686
80 0 car 693 184 108 64 21.3288 -3.15093 -0.542686
81 0 car 698 187 94 62 31.2785 -2.42008 -0.526186
82 0 car 700 188 88 45 31.2837 -2.43305 -0.513728
83 0 car 696 185 97 67 31.2737 -2.43155 -0.537837
84 0 car 697 187 90 66 32.5302 -2.06708 -0.375192
85 0 car 697 187 89 48 32.5758 -2.04194 -0.32983
86 0 car 689 186 105 66 32.5302 -2.06708 -0.375192
87 0 car 694 186 91 65 32.5302 -2.06708 -0.375192
88 0 car 693 187 86 46 32.5758 -2.04194 -0.32983
89 0 car 686 185 101 65 32.5302 -2.06708 -0.375192
90 0 car 691 185 87 62 35.9843 -2.09916 -0.405551
91 0 car 689 186 85 45 36.0253 -2.07855 -0.351379
92 0 car 679 184 102 65 35.9843 -2.09916 -0.405551
93 0 car 686 185 85 61 35.9843 -2.09916 -0.405551
94 0 car 686 184 79 42 36.0253 -2.07855 -0.351379
95 0 car 678 182 96 61 35.9843 -2.09916 -0.405551
96 0 car 681 184 83 58 39.652 -1.92208 -0.321612
97 0 car 681 185 76 56 39.652 -1.92208 -0.321612
98 0 car 681 185 73 55 39.652 -1.92208 -0.321612
99 0 car 679 186 73 50 39.652 -1.92208 -0.321612
100 0 car 677 184 72 54 39.652 -1.92208 -0.321612
101 0 car 676 184 70 52 39.652 -1.92208 -0.321612
102 0 car 675 184 68 49 39.652 -1.92208 -0.321612
103 0 car 674 183 65 48 39.652 -1.92208 -0.321612
104 0 car 672 185 64 30 39.652 -1.92208 -0.321612
105 0 car 665 182 78 44 39.652 -1.92208 -0.321612
106 0 car 670 183 64 43 39.652 -1.92208 -0.321612
107 0 car 670 184 61 43 39.652 -1.92208 -0.321612
108 0 car 669 183 60 43 39.652 -1.92208 -0.321612
109 0 car 669 183 59 43 39.652 -1.92208 -0.321612
110 0 car 667 183 58 42 51.0354 -1.10784 -0.507425
111 0 car 666 182 56 40 51.0354 -1.10784 -0.507425
112 0 car 665 183 57 39 51.0354 -1.10784 -0.507425
113 0 car 665 181 54 40 51.0354 -1.10784 -0.507425
114 0 car 665 184 53 35 51.0354 -1.10784 -0.507425
115 0 car 664 181 52 39 51.0354 -1.10784 -0.507425
116 0 car 663 182 52 36 51.0354 -1.10784 -0.507425
117 0 car 662 182 52 37 51.0354 -1.10784 -0.507425
118 0 car 662 181 51 36 51.0354 -1.10784 -0.507425
119 0 car 662 181 51 34 51.0354 -1.10784 -0.507425
120 0 car 662 182 48 32 51.0354 -1.10784 -0.507425
121 0 car 662 182 47 33 51.0354 -1.10784 -0.507425
122 0 car 661 181 46 35 51.0354 -1.10784 -0.507425
123 0 car 660 181 46 31 58.5561 -0.699048 -0.41608
124 0 car 660 181 45 30 58.5561 -0.699048 -0.41608
125 0 car 659 182 44 29 58.5561 -0.699048 -0.41608
126 0 car 659 182 43 29 58.5561 -0.699048 -0.41608
127 0 car 659 181 41 29 58.5561 -0.699048 -0.41608
131 0 car 654 180 38 28 58.5561 -0.699048 -0.41608
177 0 car 611 181 99 58 57.3421 -1.08409 -0.275814
178 0 car 596 186 104 71 57.3741 -1.09782 -0.441138
179 0 car 588 181 99 79 57.5789 -0.954812 -0.301335
180 0 car 579 181 95 74 57.5789 -0.954812 -0.301335
181 0 car 571 181 90 73 57.475 -0.997083 -0.258826
182 0 car 564 180 87 72 57.475 -0.997083 -0.258826
183 0 car 555 180 86 68 57.475 -0.997083 -0.258826
184 0 car 548 181 83 66 57.475 -0.997083 -0.258826
185 0 car 544 182 79 63 56.738 -1.39829 -0.294516
186 0 car 540 182 74 63 56.738 -1.39829 -0.294516
187 0 car 536 182 73 63 55.0687 -1.08246 -0.24044
188 0 car 531 181 73 60 68.7208 -0.697626 -0.367075
189 0 car 527 182 71 59 68.7208 -0.697626 -0.367075
190 0 car 526 182 66 59 68.7208 -0.697626 -0.367075
191 0 car 523 179 65 53 68.7208 -0.697626 -0.367075
192 0 car 524 183 63 51 68.6896 -0.365136 -0.32389
193 0 car 522 183 60 52 74.1325 -0.470821 -0.131369
194 0 car 523 184 57 51 74.3722 -0.58873 -0.184027
195 0 car 521 182 59 43 74.3722 -0.58873 -0.184027
196 0 car 522 182 57 47 74.6264 -0.6087 -0.306832
197 0 car 521 181 58 48 74.3722 -0.58873 -0.184027
198 0 car 521 179 58 50 74.3722 -0.58873 -0.184027
199 0 car 523 179 56 50 74.3566 0.010583 -0.104767
200 0 car 524 178 56 49 74.3566 0.010583 -0.104767
