558 90 car 347 183 68 36 382.876 52.8199 -3.41796
559 90 car 326 178 85 48 382.061 52.3041 -3.45066
560 90 car 321 180 85 46 382.876 52.8199 -3.41796
561 90 car 310 182 89 45 391.415 57.0845 -4.26384
562 90 car 298 180 92 49 391.967 57.4076 -4.31647
563 90 car 285 181 100 50 387.172 54.8353 -4.09014
564 90 car 280 182 99 53 387.073 54.6966 -4.00381
565 90 car 266 184 101 52 386.247 54.3258 -4.0375
566 90 car 245 178 136 66 386.133 54.5342 -4.02787
567 90 car 238 184 114 59 390.694 57.4561 -4.26195
568 90 car 226 185 112 60 390.718 57.4223 -4.25379
569 90 car 210 185 112 64 390.718 57.4223 -4.25379
570 90 car 190 187 122 65 390.588 57.483 -4.17614
571 90 car 171 187 129 67 391.035 57.9108 -4.17852
572 90 car 149 188 135 70 391.004 57.9241 -4.18913
573 90 car 129 188 142 75 391.004 57.9241 -4.18913
574 90 car 107 187 150 79 391.004 57.9241 -4.18913
575 90 car 69 185 272 106 390.077 56.211 -4.17654
576 90 car 60 199 284 116 389.91 55.5498 -4.25968
577 90 car 7 205 320 147 389.08 52.6811 -4.39373
578 90 car 0 200 323 175 388.973 52.773 -4.32987
579 90 car 4 200 272 175 389.219 52.871 -4.24578
580 90 car 0 215 256 160 389.329 52.936 -4.20951
581 90 car 5 210 198 165 389.802 53.3615 -4.09741
582 90 car 2 245 155 130 387.261 50.3134 -3.60002
583 90 car 1 198 126 99 392.87 56.0355 -4.21733
584 90 car 3 207 93 100 393.527 56.7275 -4.30281
585 90 car 2 201 62 112 392.443 55.4088 -4.24746
