224 24 car 255 184 90 48 77.4659 1.14595 -0.0633639
225 24 car 231 183 113 63 82.367 2.86083 -0.300786
226 24 car 219 184 112 59 84.9306 3.83062 -0.404629
227 24 car 202 186 114 58 88.776 5.48568 -0.384053
228 24 car 186 188 116 59 89.0322 5.55403 -0.399255
229 24 car 167 188 123 66 89.0322 5.55403 -0.399255
230 24 car 146 189 129 68 85.6798 3.9875 -0.430788
231 24 car 114 188 154 83 86.9078 4.57311 -0.508593
232 24 car 88 188 158 83 88.5135 5.41098 -0.483414
233 24 car 48 190 170 82 88.1159 5.30248 -0.461386
234 24 car 21 192 174 83 87.9327 5.35098 -0.393269
235 24 car 0 193 179 84 87.6833 5.10582 -0.379364
236 24 car 0 192 171 59 87.8905 5.03116 -0.389906
237 24 car 0 186 240 81 90.2702 5.63363 -0.33455
238 24 car 0 191 274 97 92.1307 6.09494 -0.372955
239 24 car 0 214 281 102 91.7206 5.51576 -0.562112
240 24 car 0 235 272 109 90.2177 4.52387 -0.906222
