224 24 car 254 184 90 48 83.6383 3.66154 -0.260917
225 24 car 230 180 112 71 83.4831 3.4364 -0.317944
227 24 car 202 186 113 54 86.8734 4.0641 -0.352635
228 24 car 184 185 115 69 86.1369 3.90796 -0.321843
229 24 car 168 188 121 60 91.9296 6.49529 -0.505448
230 24 car 140 188 134 70 91.9042 6.48234 -0.515206
231 24 car 174 191 155 104 93.1698 6.60066 -0.596254
232 24 car 145 192 245 145 93.4253 6.37786 -0.629542
233 24 car 116 194 268 161 93.1754 6.26356 -0.625158
234 24 car 61 200 308 141 92.7582 5.88338 -0.666857
235 24 car 8 176 338 199 92.9244 6.19001 -0.569312
236 24 car 0 195 348 173 93.2563 6.31774 -0.568186
237 24 car 14 192 299 183 93.353 6.30118 -0.520375
238 24 car 0 211 307 164 92.1121 5.51999 -0.520978
239 24 car 12 216 247 159 91.8797 5.0268 -0.458136
240 24 car 7 237 227 138 91.2119 4.67642 -0.452172
