1 3 car 344 184 136 85 13.2345 3.32171 -0.734903
2 3 car 344 184 136 85 13.249 3.26836 -0.712151
3 3 car 344 184 136 85 13.249 3.26836 -0.712151
4 3 car 324 190 145 84 13.6449 3.18176 -1.05675
5 3 car 324 190 145 84 13.1354 3.18896 -0.986741
6 3 car 315 191 147 85 13.6449 3.18176 -1.05675
7 3 car 309 190 154 86 13.6449 3.18176 -1.05675
8 3 car 307 190 157 87 13.1354 3.18896 -0.986741
9 3 car 305 190 161 90 13.1354 3.18896 -0.986741
10 3 car 244 180 232 73 14.4857 4.33741 -0.502867
11 3 car 308 181 154 94 13.7286 3.17938 -0.818436
12 3 car 295 186 158 97 13.9012 3.28406 -0.833285
13 3 car 305 181 159 94 13.7286 3.17938 -0.818436
14 3 car 304 181 162 94 13.7286 3.17938 -0.818436
15 3 car 288 188 165 97 13.8614 3.2136 -0.866157
16 3 car 285 188 167 97 13.8614 3.2136 -0.866157
17 3 car 279 187 174 100 13.8614 3.2136 -0.866157
18 3 car 282 189 175 98 13.8614 3.2136 -0.866157
19 3 car 282 190 173 98 13.9833 3.10292 -1.00508
20 3 car 184 181 287 84 13.674 3.83901 -0.642749
21 3 car 271 188 183 103 13.4519 3.16728 -0.808322
22 3 car 270 189 183 101 13.4519 3.16728 -0.808322
23 3 car 269 189 186 103 13.7112 3.2046 -0.841702
24 3 car 263 189 190 102 13.7112 3.2046 -0.841702
25 3 car 260 189 194 103 13.7112 3.2046 -0.841702
26 3 car 260 188 195 104 13.8045 3.26088 -0.843462
27 3 car 259 187 199 106 13.7574 3.24995 -0.814226
28 3 car 259 188 195 107 13.8521 3.24248 -0.851652
29 3 car 249 187 208 108 13.8018 3.23211 -0.821402
30 3 car 251 188 199 105 13.8336 3.25495 -0.859313
31 3 car 255 186 195 108 13.8028 3.24652 -0.828171
32 3 car 256 187 194 108 13.7852 3.24427 -0.829388
33 3 car 256 187 193 108 13.7852 3.24427 -0.829388
34 3 car 249 188 200 109 13.7852 3.24427 -0.829388
35 3 car 250 186 200 112 13.8028 3.24652 -0.828171
36 3 car 248 186 200 113 13.6907 3.21819 -0.828808
37 3 car 248 196 195 107 14.0209 3.18837 -1.02721
38 3 car 247 196 196 106 14.0209 3.18837 -1.02721
39 3 car 247 196 197 107 14.0192 3.19106 -1.02444
40 3 car 245 188 196 108 13.6467 3.17213 -0.832375
41 3 car 249 190 191 103 13.7493 3.19249 -0.846445
42 3 car 243 194 199 113 13.9514 3.21139 -0.964595
43 3 car 239 194 205 115 13.9413 3.23251 -0.918185
44 3 car 236 193 209 116 13.7095 3.19283 -0.8409
45 3 car 217 193 218 119 13.7552 3.20911 -0.828134
46 3 car 213 194 220 120 13.7552 3.20911 -0.828134
47 3 car 203 193 231 124 13.7552 3.20911 -0.828134
48 3 car 192 194 244 125 13.8208 3.21304 -0.826022
49 3 car 182 196 250 122 13.9614 3.23847 -0.841351
50 3 car 173 199 264 134 14.4817 3.29707 -0.956395
51 3 car 159 198 272 138 14.138 3.2425 -0.859656
52 3 car 150 199 256 140 13.7823 3.31329 -0.896823
53 3 car 136 198 269 143 12.878 3.26317 -0.841072
54 3 car 136 198 269 143 12.9245 3.20757 -0.84672
55 3 car 136 198 269 143 12.9703 3.19081 -0.84118
56 3 car 136 198 269 143 12.9157 3.21977 -0.77837
