1 3 car 344 184 136 85 13.2345 3.32171 -0.734903
2 3 car 344 184 136 85 13.249 3.26836 -0.712151
3 3 car 344 184 136 85 13.249 3.26836 -0.712151
4 3 car 324 190 145 84 13.6449 3.18176 -1.05675
5 3 car 324 190 145 84 13.1354 3.18896 -0.986741
6 3 car 315 191 147 85 13.6449 3.18176 -1.05675
7 3 car 309 190 154 86 13.6449 3.18176 -1.05675
8 3 car 307 190 157 87 13.1354 3.18896 -0.986741
9 3 car 305 190 161 90 13.1354 3.18896 -0.986741
10 3 car 244 180 232 73 14.2939 4.2575 -0.497983
11 3 car 308 181 154 94 13.5968 3.16478 -0.817186
12 3 car 295 186 158 97 13.7693 3.26945 -0.832035
13 3 car 305 181 159 94 13.5968 3.16478 -0.817186
14 3 car 304 181 162 94 13.5968 3.16478 -0.817186
15 3 car 288 188 165 97 13.7296 3.199 -0.864907
16 3 car 285 188 167 97 13.7296 3.199 -0.864907
17 3 car 279 187 174 100 13.7296 3.199 -0.864907
18 3 car 282 189 175 98 13.7296 3.199 -0.864907
19 3 car 282 190 173 98 13.8515 3.08831 -1.00383
20 3 car 184 181 287 84 13.5249 3.81723 -0.64069
21 3 car 271 188 183 103 13.3121 3.14951 -0.806842
22 3 car 270 189 183 101 13.3121 3.14951 -0.806842
23 3 car 269 189 186 103 13.5775 3.18923 -0.840361
24 3 car 263 189 190 102 13.5775 3.18923 -0.840361
25 3 car 260 189 194 103 13.5775 3.18923 -0.840361
26 3 car 260 188 195 104 13.6471 3.23657 -0.841567
27 3 car 259 187 199 106 13.601 3.22605 -0.812358
28 3 car 259 188 195 107 13.5944 3.1902 -0.83424
29 3 car 249 187 208 108 13.6468 3.20876 -0.819608
30 3 car 251 188 199 105 13.6883 3.23483 -0.858482
31 3 car 255 186 195 108 13.5638 3.19978 -0.813202
32 3 car 256 187 194 108 13.6405 3.22439 -0.828538
33 3 car 256 187 193 108 13.6405 3.22439 -0.828538
34 3 car 249 188 200 109 13.6405 3.22439 -0.828538
35 3 car 250 186 200 112 13.5638 3.19978 -0.813202
36 3 car 248 186 200 113 13.5767 3.20714 -0.831857
37 3 car 248 196 195 107 13.9122 3.17838 -1.03154
38 3 car 247 196 196 106 13.9122 3.17838 -1.03154
39 3 car 247 196 197 107 13.9218 3.18412 -1.02956
40 3 car 245 188 196 108 13.4977 3.14862 -0.832505
41 3 car 249 190 191 103 13.5694 3.1612 -0.843654
42 3 car 243 194 199 113 13.7892 3.18442 -0.966071
43 3 car 239 194 205 115 13.7729 3.20431 -0.918928
44 3 car 236 193 209 116 13.7184 3.19479 -0.867252
45 3 car 217 193 218 119 13.5807 3.18021 -0.827574
46 3 car 213 194 220 120 13.7631 3.21139 -0.853423
47 3 car 203 193 231 124 13.5807 3.18021 -0.827574
48 3 car 192 194 244 125 13.6475 3.18456 -0.825312
49 3 car 182 196 250 122 13.7475 3.19793 -0.836894
50 3 car 173 199 264 134 14.1292 3.24033 -0.926071
51 3 car 159 198 272 138 14.0254 3.22636 -0.862037
52 3 car 150 199 256 140 13.5752 3.27388 -0.896696
53 3 car 136 198 269 143 13.4602 3.25612 -0.833485
54 3 car 125 196 280 147 13.4602 3.25612 -0.833485
55 3 car 61 195 333 172 13.4602 3.25612 -0.833485
56 3 car 52 198 328 170 12.7407 3.38695 -0.715481
57 3 car 16 197 377 172 13.425 3.45503 -0.806408
58 3 car 16 201 369 166 13.8304 3.22521 -0.750757
59 3 car 19 207 328 166 13.205 3.23323 -0.65734
60 3 car 17 206 321 168 13.4052 3.26202 -0.687167
61 3 car 5 197 334 176 13.8085 3.20293 -0.70959
62 3 car 8 210 323 162 13.8661 3.13817 -0.735345
63 3 car 8 210 323 162 14.4307 3.12971 -0.76552
64 3 car 4 217 290 155 14.8608 3.18089 -0.777886
65 3 car 6 217 252 152 14.8805 3.10647 -0.801303
66 3 car 5 226 243 138 14.8299 3.23657 -0.682323
67 3 car 0 243 216 130 14.9535 3.02846 -0.700923
68 3 car 11 286 156 82 15.5266 3.00478 -0.775386
69 3 car 84 184 193 88 25.9133 7.61908 -0.718971
70 3 car 76 183 189 93 25.7584 7.58201 -0.724126
