561 90 car 307 175 94 51 392.725 59.4321 -4.44807
562 90 car 296 175 101 50 392.729 59.4257 -4.34998
563 90 car 277 181 107 53 387.691 57.1073 -4.22519
564 90 car 277 181 107 53 387.129 56.7292 -4.22612
565 90 car 266 180 110 61 386.935 56.6117 -4.21467
566 90 car 266 180 110 61 386.773 56.2242 -4.15122
567 90 car 229 172 168 83 391.889 59.7925 -4.45162
568 90 car 219 185 121 57 391.98 59.9586 -4.48787
569 90 car 210 185 122 58 392.076 59.9237 -4.49131
570 90 car 210 185 122 58 392.207 59.7063 -4.45474
571 90 car 210 185 122 58 392.273 59.555 -4.53918
572 90 car 146 180 156 80 392.354 60.3829 -4.41433
573 90 car 120 181 168 81 392.354 60.3829 -4.41433
574 90 car 99 183 166 79 392.354 60.3829 -4.41433
575 90 car 78 183 186 81 391.639 59.2838 -4.36537
576 90 car 78 183 186 81 391.186 58.2289 -4.30356
577 90 car 78 183 186 81 389.436 55.1534 -4.17072
578 90 car 78 183 186 81 387.002 53.3208 -3.71064
