1 3 car 332 184 130 86 13.2637 3.35749 -0.736811
2 3 car 336 188 129 83 13.1726 3.23376 -1.00436
3 3 car 318 188 136 85 13.251 3.3366 -0.762432
4 3 car 335 186 126 89 13.2801 3.30341 -0.713191
5 3 car 319 186 131 90 13.2415 3.37959 -0.712807
6 3 car 330 186 131 92 13.249 3.26836 -0.712151
7 3 car 318 186 141 95 13.2345 3.32171 -0.734903
8 3 car 315 188 143 92 13.2426 3.27748 -0.782233
9 3 car 309 187 148 94 13.2345 3.32171 -0.734903
10 3 car 308 187 147 96 13.2345 3.32171 -0.734903
11 3 car 302 188 152 97 14.4067 3.3988 -0.876863
12 3 car 299 187 155 98 14.4067 3.3988 -0.876863
13 3 car 297 188 154 98 13.9188 3.42344 -0.807712
14 3 car 293 189 159 99 14.4166 3.34552 -0.894822
15 3 car 291 190 160 99 14.6554 3.2663 -1.05966
16 3 car 289 190 161 101 14.6554 3.2663 -1.05966
17 3 car 288 191 164 99 14.6554 3.2663 -1.05966
18 3 car 284 191 165 101 14.6554 3.2663 -1.05966
19 3 car 287 192 159 101 13.8179 3.35235 -1.02871
20 3 car 283 189 162 104 13.7722 3.43768 -0.783593
21 3 car 280 190 165 105 14.296 3.2192 -0.944915
22 3 car 279 191 167 105 14.6554 3.2663 -1.05966
23 3 car 276 189 168 106 14.2611 3.33437 -0.870135
24 3 car 275 189 167 108 13.9624 3.42665 -0.823465
25 3 car 273 189 168 107 13.819 3.47191 -0.833715
26 3 car 271 190 168 107 13.8727 3.52514 -0.837411
27 3 car 269 189 172 108 13.9225 3.46121 -0.790264
28 3 car 265 189 177 109 14.4077 3.37456 -0.880217
29 3 car 264 190 175 108 13.8292 3.41772 -0.988609
30 3 car 261 183 182 100 14.2523 3.36153 -0.828198
31 3 car 266 188 173 103 14.3886 3.42723 -0.890069
32 3 car 261 188 175 110 13.8308 3.53414 -0.828502
33 3 car 264 190 173 111 13.9225 3.47897 -0.804939
34 3 car 260 189 179 113 14.3967 3.38945 -0.888846
35 3 car 259 189 176 115 13.8308 3.53414 -0.828502
36 3 car 255 191 180 113 13.9098 3.52422 -0.854818
37 3 car 257 191 178 115 13.9724 3.50981 -0.852887
38 3 car 251 192 185 115 14.3866 3.30701 -0.971803
39 3 car 251 190 182 116 13.7634 3.42504 -0.929739
40 3 car 249 191 184 117 13.7775 3.47608 -0.890648
41 3 car 246 191 187 120 13.8553 3.417 -0.834995
42 3 car 243 193 191 119 14.4856 3.36455 -0.957727
43 3 car 238 193 193 120 13.9273 3.41357 -0.848951
44 3 car 234 192 196 124 14.3002 3.45568 -0.84921
45 3 car 232 192 199 126 14.5283 3.38372 -0.88445
46 3 car 226 194 204 128 14.5283 3.38372 -0.88445
47 3 car 218 193 207 132 14.1038 3.43799 -0.828799
48 3 car 209 191 213 137 14.0408 3.42507 -0.84455
49 3 car 198 190 226 134 14.4537 3.36079 -0.869807
50 3 car 183 197 234 135 14.6434 3.41175 -0.900652
51 3 car 178 194 235 130 14.6165 3.40616 -0.883556
52 3 car 157 200 255 142 14.8171 3.41393 -1.002
53 3 car 143 202 257 144 12.3996 3.41665 -0.78891
54 3 car 126 205 271 144 13.1025 3.35322 -0.8659
55 3 car 94 207 293 145 12.3996 3.41665 -0.78891
56 3 car 21 200 386 161 13.0265 3.47949 -0.828479
57 3 car 14 207 370 162 12.9855 3.41745 -0.858065
58 3 car 1 206 378 165 13.433 3.2859 -0.79441
59 3 car 0 210 378 158 13.433 3.2859 -0.79441
60 3 car 0 207 363 167 13.2051 3.31774 -0.733748
61 3 car 1 207 326 165 13.2529 3.25862 -0.733957
62 3 car 9 212 313 156 13.4864 3.2213 -0.763627
63 3 car 10 216 294 149 14.0454 3.21155 -0.793159
64 3 car 0 219 284 146 14.5025 3.27616 -0.808687
65 3 car 5 220 242 149 14.5194 3.20059 -0.83189
66 3 car 11 229 225 137 14.6948 3.2778 -0.712794
67 3 car 12 243 194 127 14.6536 3.11358 -0.744431
68 3 car 5 280 162 90 15.1604 3.09864 -0.80548
