558 90 car 347 183 68 36 380.533 52.3995 -3.50729
559 90 car 328 179 84 46 379.665 51.8566 -3.53714
560 90 car 319 179 88 48 380.015 52.0694 -3.52227
561 90 car 309 179 90 48 389.383 56.7056 -4.35302
562 90 car 298 179 94 50 389.935 57.0286 -4.40565
563 90 car 287 180 98 52 385.14 54.4559 -4.1793
564 90 car 277 181 101 53 384.359 53.939 -4.12537
565 90 car 265 182 104 54 384.449 54.1129 -4.1152
566 90 car 251 178 127 65 385.187 54.6783 -4.11919
567 90 car 238 181 124 64 388.914 57.1581 -4.37324
568 90 car 227 184 119 61 388.938 57.1243 -4.36507
569 90 car 212 186 117 61 388.938 57.1243 -4.36507
570 90 car 194 187 120 63 388.801 57.1395 -4.2615
571 90 car 174 183 147 75 389.234 57.5976 -4.289
572 90 car 154 185 145 74 389.234 57.5976 -4.289
573 90 car 134 187 144 75 389.257 57.5869 -4.28177
574 90 car 112 188 146 77 389.225 57.5999 -4.29244
575 90 car 86 188 156 79 389.2 57.4856 -4.30946
576 90 car 59 189 162 78 388.453 56.6453 -4.198
578 90 car 17 188 182 57 384.803 52.0632 -3.5736
579 90 car 0 184 230 74 386.949 52.8844 -3.65569
580 90 car 0 187 218 70 388.831 54.5968 -3.73523
581 90 car 0 193 216 80 399.701 62.7067 -4.89937
582 90 car 0 198 201 84 391.599 55.7474 -4.29798
583 90 car 0 206 171 83 392.766 57.161 -4.46402
584 90 car 0 215 142 80 392.357 56.8922 -4.50317
585 90 car 0 230 105 71 389.962 54.3383 -4.31964
