0.0512656,0.0156006,-0.00138906
0.0550695,0.0440973,-0.00609679
1.59462,-0.0168127,-0.0447451
1.53668,-0.00177729,-0.00680466
1.59771,0.00418019,-0.0221785
2.27206,-0.0388203,-0.0148446
1.86055,-0.0751144,0.00355173
1.4754,-0.0979469,-0.00346002
1.06941,-0.180118,0.0139647
2.72625,-1.36986,0.0562182
3.35109,-2.00814,0.0766039
5.30888,-3.24818,0.0645161
5.03275,-3.65672,0.121055
5.11827,-4.19497,0.166037
5.99243,-5.1263,0.202325
6.46952,-5.87852,0.250411
7.04589,-6.72273,0.289956
7.64316,-7.61505,0.332357
8.30686,-8.4865,0.371741
8.84217,-9.42246,0.445992
9.40752,-10.3092,0.526441
10.4344,-11.847,0.550041
11.4277,-13.2448,0.525183
12.2004,-14.5573,0.477666
11.991,-14.6378,0.52115
12.1884,-13.6887,0.496655
12.8891,-14.9714,0.503738
13.4371,-16.2472,0.529732
13.9791,-17.4473,0.521734
14.4498,-18.8146,0.495551
14.058,-19.2959,0.523853
15.1831,-21.508,0.534817
15.7723,-23.0529,0.582486
16.1871,-24.5354,0.606587
16.5681,-25.816,0.661162
16.6827,-26.4303,0.703714
17.2836,-29.0112,0.8444
16.9477,-27.3735,0.755278
16.9326,-27.6654,0.786076
16.4626,-27.2441,0.852741
17.1012,-28.605,0.787335
17.2564,-29.9426,0.868142
17.2834,-30.8797,0.978486
14.9722,-27.7031,1.26909
17.4832,-33.1914,1.07495
17.7334,-34.7485,1.11997
18.4449,-37.1249,1.0972
18.5162,-38.3457,1.11288
19.0584,-40.4779,1.06809
19.179,-41.9168,1.10273
19.4007,-43.5237,1.09891
19.3336,-44.7269,1.16605
19.5454,-46.2803,1.13089
19.5355,-46.6874,1.11102
19.5967,-48.8145,1.16038
19.734,-50.3256,1.17699
19.8542,-51.8257,1.13483
19.9395,-51.7151,1.15736
20.0588,-52.7527,1.08495
20.1539,-54.0971,1.03487
20.3207,-54.9322,0.972595
20.45,-56.1303,0.955745
20.5542,-57.2891,0.976205
20.7025,-58.3467,1.02255
20.9228,-59.9649,1.09798
21.195,-61.5402,1.14429
21.442,-63.1704,1.08097
21.5915,-64.6398,1.04285
21.8233,-66.2137,1.00586
21.9161,-66.8445,1.02853
22.0643,-67.9438,1.09608
22.2001,-69.0582,1.10831
22.349,-70.199,1.16093
22.5266,-71.2692,1.09448
22.6862,-72.3823,1.06667
22.8475,-73.5261,1.06338
23.0365,-74.765,1.06762
23.2075,-75.9498,1.06253
23.3138,-77.0756,1.11916
23.5232,-78.2901,1.05988
23.6732,-79.5068,1.12078
23.577,-78.5595,1.07098
23.6367,-78.8169,1.07728
23.6031,-78.7749,1.11734
23.6743,-79.0737,1.14751
23.8175,-80.3361,1.24772
23.9685,-81.6445,1.24011
24.2069,-83.0262,1.13599
24.1556,-83.4779,1.2211
24.7056,-85.0843,1.04546
25.0041,-86.3572,0.918651
25.3456,-87.7212,0.933478
25.4441,-88.8761,0.999632
25.6837,-90.133,1.03411
25.8702,-91.3582,0.988465
26.1057,-92.6382,0.8424
26.3419,-93.8788,0.676137
51.4844,-134.047,-0.804199
26.534,-95.9786,0.561915
26.7383,-97.2502,0.579673
26.9807,-98.5522,0.558764
27.1451,-99.7051,0.546534
27.0187,-100.576,0.538078
27.3906,-102.105,0.569736
27.3584,-103.153,0.563839
27.8408,-104.831,0.555557
27.7707,-105.99,0.542231
28.1628,-107.549,0.498166
28.3375,-108.857,0.514639
28.5557,-110.22,0.534403
28.7638,-111.607,0.560351
29.042,-112.961,0.561351
29.2876,-114.485,0.576956
29.509,-115.735,0.567939
30.8873,-120.649,0.60929
29.9744,-118.768,0.601268
81.6997,-248.627,-2.31928
30.3307,-121.004,0.224585
30.6348,-123.666,0.365051
31.0569,-125.852,0.487007
31.0999,-126.027,0.470277
29.821,-126.001,0.401039
29.821,-126.001,0.401039
29.6642,-125.79,0.411056
29.8956,-126.228,0.42293
29.9348,-126.339,0.410217
29.9063,-126.283,0.410248
29.9199,-126.311,0.40979
29.9414,-126.363,0.409195
29.9294,-126.346,0.403748
29.9199,-126.333,0.404388
29.9199,-126.333,0.404388
30.8027,-129.42,0.395752
36.3057,-134.439,-0.167908
31.8145,-129.951,0.496582
31.8145,-129.951,0.496582
27.0088,-123.068,0.748901
19.2666,-113.037,1.28265
11.8018,-106.13,1.72974
-13.7119,-82.7158,3.07544
-13.7119,-82.7158,3.07544
-13.7119,-82.7158,3.07544
-13.7119,-82.7158,3.07544
-13.7119,-82.7158,3.07544
-13.7119,-82.7158,3.07544
-13.7112,-82.7534,3.0912
-13.7058,-82.7964,3.10435
-13.7886,-82.7031,3.11243
-13.7886,-82.7031,3.11243
-12.8826,-85.9348,3.0452
-14.3472,-83.1479,3.65585
-12.7874,-86.2609,3.06439
-12.7874,-86.2609,3.06439
-12.6763,-86.5654,3.05957
-12.4907,-87.0166,3.05661
-12.3916,-87.2607,3.05223
-11.1777,-90.8242,3.03198
-9.3219,-95.2947,2.82175
-11.3164,-91.8384,2.98996
-8.67896,-98.1429,2.52292
-8.71558,-98.1133,2.49927
-8.36832,-99.1959,2.44785
-7.7626,-100.385,2.41459
-8.71326,-99.9794,2.40869
-8.71326,-99.9794,2.40869
-8.55676,-100.47,2.40149
-8.46271,-100.872,2.40028
-8.44702,-100.947,2.39685
-8.25598,-101.354,2.39458
-8.11572,-101.724,2.38813
-7.9812,-102.068,2.38565
-7.823,-102.443,2.38252
-7.29321,-103.237,2.44159
-7.51367,-103.197,2.44612
-9.43457,-101.319,2.41594
-9.53011,-101.466,2.45165
-11.6611,-99.5205,2.41647
-9.8691,-101.886,2.44786
-9.8691,-101.886,2.44786
-9.62959,-102.621,2.44527
-9.16968,-104.98,2.44687
-9.16968,-104.98,2.44687
-8.88506,-106.184,2.37368
-8.61223,-107.365,2.2017
-8.2983,-108.73,2.10056
-8.0068,-110.112,2.03769
-7.70244,-111.376,2.08776
-7.38271,-112.68,2.13158
-7.08499,-114.035,2.15543
-6.7415,-115.49,2.1057
-6.42064,-116.809,2.00716
-6.10482,-118.122,1.96177
-5.75003,-119.521,1.99275
-5.43094,-120.883,2.07935
-5.0791,-122.245,2.07362
-4.65515,-123.745,2.03911
-4.2875,-125.105,1.93289
-3.91709,-126.273,1.77094
-3.56245,-127.638,1.7747
-3.21844,-129.036,1.84858
-2.86335,-130.48,1.93192
-2.86335,-130.48,1.93192
-5.70313,-127.945,1.91797
-7.10156,-127.156,1.95386
-7.0451,-127.326,1.95134
-7.07162,-127.253,1.95271
-7.05579,-127.303,1.94999
-7.03479,-127.359,1.94753
-7.00818,-127.418,1.94575
-7.02417,-127.4,1.94708
-6.01111,-130.659,1.84956
-5.58789,-133.123,1.84692
81.9375,-195.688,-6.85547
81.9375,-195.688,-6.85547
81.9375,-195.688,-6.85547
82.5896,-197.925,-6.86906
83.3896,-200.495,-6.93798
82.3594,-200.266,-6.7876
82.5098,-202,-6.71069
