93 22 train 449 149 100 77 93.3506 -2.82971 0.892012
94 22 train 445 148 100 78 93.9496 -2.78067 1.29421
95 22 train 432 148 107 80 93.719 -3.00628 1.05716
96 22 train 431 145 108 85 93.3715 -3.05115 1.23133
97 22 train 420 144 116 89 93.2663 -3.13445 1.16905
98 22 train 415 144 117 91 91.8981 -3.61009 1.28547
99 22 train 403 143 126 95 91.8041 -3.65338 1.31883
100 22 train 397 141 125 98 91.8032 -3.71757 1.39123
101 22 train 386 139 132 100 91.628 -3.80927 1.43475
102 22 train 377 137 134 103 91.628 -3.80927 1.43475
103 22 train 365 135 142 106 91.3377 -3.84618 1.33556
104 22 train 354 134 148 111 91.473 -3.8234 1.37901
105 22 train 341 135 157 112 91.306 -3.94572 1.43366
106 22 train 328 133 165 119 91.4426 -3.91896 1.47319
107 22 train 313 131 175 124 91.4849 -4.00004 1.41664
108 22 train 296 129 189 129 91.4849 -4.00004 1.41664
109 22 train 276 126 204 136 91.3097 -3.9001 1.32573
110 22 train 256 122 207 144 91.2657 -3.82414 1.37298
111 22 train 230 120 219 150 90.8542 -3.99387 1.30979
112 22 train 211 119 241 158 90.7174 -4.13283 1.23293
113 22 train 177 116 260 168 90.8672 -3.93804 1.26957
114 22 train 147 115 292 178 90.742 -4.10057 1.20372
115 22 train 110 107 329 195 92.7642 -2.9125 0.902079
116 22 train 87 101 340 202 91.0291 -4.00546 1.14137
117 22 train 25 95 381 207 92.1661 -3.08057 1.20364
118 22 train 0 85 393 227 91.2362 -4.04131 1.44491
119 22 train 2 84 366 260 90.7494 -4.11185 1.25456
120 22 train 0 63 364 311 89.9759 -4.64198 1.37252
121 22 train 4 71 310 295 89.8012 -4.98198 1.73484
122 22 train 1 57 302 317 91.1949 -4.87473 1.96681
123 22 train 0 44 307 303 91.4281 -5.08928 1.79126
