86 22 train 487 150 98 66 90.0351 -3.90953 0.508664
87 22 train 483 150 100 67 90.0351 -3.90953 0.508664
88 22 train 479 148 102 70 90.0351 -3.90953 0.508664
89 22 train 470 147 104 71 90.0351 -3.90953 0.508664
90 22 train 464 146 107 74 90.0351 -3.90953 0.508664
91 22 train 458 146 108 75 90.0351 -3.90953 0.508664
92 22 train 451 142 119 83 90.0351 -3.90953 0.508664
93 22 train 445 140 127 87 91.1629 -4.09452 0.680184
94 22 train 441 139 134 90 91.1629 -4.09452 0.680184
95 22 train 430 139 138 91 91.1629 -4.09452 0.680184
96 22 train 422 139 141 93 92.1611 -4.31843 0.95045
97 22 train 415 140 138 95 92.1611 -4.31843 0.95045
98 22 train 408 141 134 96 92.1611 -4.31843 0.95045
99 22 train 397 139 140 102 92.3462 -3.80972 0.443484
100 22 train 388 136 146 107 92.3462 -3.80972 0.443484
101 22 train 378 135 151 110 92.3462 -3.80972 0.443484
102 22 train 368 133 155 113 92.2061 -3.67086 0.939417
103 22 train 360 130 158 113 92.2061 -3.67086 0.939417
104 22 train 354 128 162 113 92.9228 -4.2507 1.28643
105 22 train 346 127 180 122 92.9228 -4.2507 1.28643
106 22 train 330 127 186 128 92.9228 -4.2507 1.28643
107 22 train 314 126 196 134 92.3292 -3.76702 0.994584
108 22 train 297 123 208 141 92.3813 -3.78999 1.14711
109 22 train 277 122 209 143 92.5632 -3.85277 1.00652
110 22 train 261 121 210 146 92.9029 -4.38212 1.37152
111 22 train 236 116 227 157 92.4446 -4.01376 1.0779
113 22 train 199 109 266 176 93.3268 -4.53145 1.34409
114 22 train 154 106 302 194 93.947 -3.49926 1.0154
115 22 train 120 100 317 201 94.1266 -2.87911 1.06052
116 22 train 72 91 359 216 93.8381 -3.13538 1.01959
117 22 train 25 87 395 223 93.9358 -3.35727 1.08985
118 22 train 0 83 422 245 93.6309 -3.77422 1.21077
119 22 train 0 82 429 259 95.0749 -6.25775 0.519085
120 22 train 0 80 415 273 95.0749 -6.25775 0.519085
121 22 train 0 73 396 287 95.5279 -6.35271 0.457255
122 22 train 0 68 368 292 95.5287 -6.27259 0.554519
