97 22 train 420 144 116 89 87.9865 -3.25139 0.964665
98 22 train 415 144 117 91 91.3527 -3.8615 1.31246
99 22 train 403 143 126 95 91.4823 -3.93448 1.43049
100 22 train 397 141 125 98 91.3169 -4.05372 1.49053
101 22 train 386 139 132 100 91.3169 -4.05372 1.49053
102 22 train 377 137 134 103 91.111 -4.06652 1.40495
103 22 train 365 135 142 106 91.111 -4.06652 1.40495
104 22 train 354 134 148 111 91.111 -4.06652 1.40495
105 22 train 341 135 157 112 91.1683 -4.21417 1.55232
106 22 train 328 133 165 119 91.1683 -4.21417 1.55232
107 22 train 313 131 175 124 91.1683 -4.21417 1.55232
108 22 train 296 129 189 129 91.1683 -4.21417 1.55232
109 22 train 276 126 204 136 91.1683 -4.21417 1.55232
110 22 train 256 122 207 144 91.0376 -4.13018 1.51759
111 22 train 230 120 219 150 90.237 -4.13751 1.49205
112 22 train 211 119 241 158 90.3723 -4.14115 1.42911
113 22 train 177 116 260 168 91.2468 -3.5605 1.35882
114 22 train 147 115 292 178 91.0448 -3.99112 1.4602
115 22 train 110 107 329 195 91.2419 -3.27733 1.099
116 22 train 87 101 340 202 91.4111 -3.91337 1.37745
117 22 train 25 95 381 207 91.5497 -3.52289 1.51019
118 22 train 0 85 393 227 91.3603 -4.38467 1.83196
119 22 train 2 84 366 260 89.4404 -4.18501 1.37624
120 22 train 0 63 364 311 88.8487 -4.63826 1.36949
121 22 train 4 71 310 295 89.0182 -4.9522 1.58784
122 22 train 1 57 302 317 90.9378 -4.82215 1.50919
