1 3 truck 930 147 126 54 27.4759 -14.8972 0.0184008
2 3 truck 866 140 180 88 20.5081 -9.91049 -0.256865
3 3 truck 886 138 172 101 17.8052 -8.33409 -0.282037
4 3 truck 899 140 187 107 15.0184 -6.15549 -0.439809
5 3 truck 941 158 180 88 14.6751 -6.35069 -0.399669
6 3 truck 964 157 196 94 15.7462 -7.00154 -0.294436
7 3 truck 995 159 199 97 14.5102 -7.25618 -0.620524
8 3 truck 1018 164 216 90 16.1881 -8.9811 -0.601299
9 3 truck 1037 162 204 92 16.6371 -8.77944 -0.566841
10 3 truck 1069 160 169 97 8.67884 -2.94525 -0.146542
11 3 truck 1092 160 149 101 17.1116 -11.9099 -0.176368
12 3 truck 1108 167 133 102 17.0871 -12.0403 -0.162122
13 3 truck 1122 170 119 96 17.7068 -14.0673 -0.250922
14 3 truck 1133 176 108 89 18.167 -15.603 -0.230726
15 3 truck 1138 178 103 87 23.1213 -19.7964 -0.0506569
16 3 truck 1141 182 100 80 19.325 -19.2371 -0.0904794
17 3 truck 1141 182 100 80 19.4409 -20.1218 -0.145559
18 3 truck 1132 180 109 86 19.7916 -21.8641 -0.124307
21 3 truck 1105 178 134 80 20.4338 -28.3967 0.396867
22 3 truck 1095 180 124 79 19.3049 -27.8355 0.469389
23 3 truck 1078 182 119 77 19.217 -29.6262 0.442102
