1 3 truck 921 145 139 57 27.4759 -14.8972 0.0184008
2 3 truck 921 145 139 57 27.5667 -15.0476 0.00522079
3 3 truck 878 145 177 103 14.5928 -6.00555 -0.439073
4 3 truck 886 141 177 109 15.2299 -5.91867 -0.348032
5 3 truck 917 145 188 104 15.8906 -6.97239 -0.120975
6 3 truck 953 157 192 93 15.6695 -7.27468 -0.23635
7 3 truck 992 161 191 90 15.6415 -8.24679 -0.56453
8 3 truck 1025 163 195 90 16.5142 -9.80845 -0.594167
9 3 truck 1051 164 190 90 16.9764 -9.65216 -0.561904
10 3 truck 1068 165 173 90 8.99088 -3.79595 -0.140808
11 3 truck 1089 164 152 91 8.88488 -3.66682 -0.110441
12 3 truck 1108 168 133 88 17.8172 -14.0656 -0.149047
13 3 truck 1116 173 125 90 17.8172 -14.0656 -0.149047
14 3 truck 1126 177 115 89 17.8172 -14.0656 -0.149047
15 3 truck 1135 179 106 87 17.8172 -14.0656 -0.149047
16 3 truck 1138 181 103 85 17.7491 -14.178 -0.121522
17 3 truck 1140 181 101 85 17.7491 -14.178 -0.121522
18 3 truck 1139 182 102 83 20.7337 -23.0074 -0.137103
21 3 truck 1114 178 119 82 21.3703 -29.5288 0.391394
22 3 truck 1095 178 119 80 20.2372 -28.9645 0.463301
23 3 truck 1079 180 114 77 19.9291 -30.7739 0.462398
