1 2 car 830 161 161 88 14.1209 -5.33354 -0.635104
2 2 car 855 160 169 91 17.7798 -7.81835 -0.532059
3 2 car 882 159 173 90 18.3487 -8.45896 -0.50484
4 2 car 903 155 188 92 17.9799 -7.95964 -0.528453
5 2 car 937 159 191 86 16.3241 -7.81445 -0.384921
6 2 car 965 161 196 87 15.8406 -7.56122 -0.287827
7 2 car 989 160 210 92 16.3562 -9.2125 -0.528156
8 2 car 1021 161 211 93 16.9408 -10.4691 -0.543633
9 2 car 1042 157 194 98 16.2462 -9.64521 -0.532438
10 2 car 1071 157 170 100 5.52486 -1.57498 -0.0342778
11 2 car 1093 158 148 100 14.6812 -11.6971 -0.157671
12 2 car 1103 160 136 99 13.7872 -12.3965 -0.135766
16 2 car 1135 171 105 104 15.4729 -18.0721 -0.117114
29 2 car 922 177 76 73 17.5367 -40.0599 0.091827
