1 2 car 830 161 161 88 14.1209 -5.33354 -0.635104
2 2 car 855 160 169 91 17.7798 -7.81835 -0.532059
3 2 car 882 159 173 90 15.0911 -6.17319 -0.484666
4 2 car 903 155 188 92 15.018 -6.16401 -0.471393
5 2 car 937 159 191 86 16.2516 -7.82246 -0.388751
6 2 car 965 161 196 87 15.7644 -7.56952 -0.29083
7 2 car 989 160 210 92 15.9522 -8.61159 -0.562809
8 2 car 1021 161 211 93 16.4812 -9.81914 -0.605342
9 2 car 1042 157 194 98 15.6709 -8.99671 -0.588638
10 2 car 1071 157 170 100 7.68551 -3.14058 -0.167544
11 2 car 1093 158 148 100 7.68551 -3.14058 -0.167544
12 2 car 1103 160 136 99 16.8023 -13.5259 -0.176394
13 2 car 1123 169 117 99 17.2591 -14.5032 -0.279198
14 2 car 1123 169 117 99 17.9123 -16.0154 -0.282105
15 2 car 1123 169 117 99 22.5915 -20.2039 -0.0769033
17 2 car 1123 169 117 99 18.8733 -20.5142 -0.171528
21 2 car 1125 176 115 89 20.2421 -30.124 0.595086
22 2 car 1125 176 115 89 18.7934 -28.2403 0.441377
