1 3 truck 930 147 126 54 27.4759 -14.8972 0.0184008
2 3 truck 866 140 180 88 20.5081 -9.91049 -0.256865
3 3 truck 886 138 172 101 16.4145 -8.28123 -0.312675
4 3 truck 899 140 187 107 13.6277 -6.10263 -0.470447
5 3 truck 941 158 180 88 15.7749 -7.80153 -0.392374
6 3 truck 964 157 196 94 16.189 -8.43888 -0.29844
7 3 truck 995 159 199 97 14.953 -8.69352 -0.624528
8 3 truck 1018 164 216 90 16.6309 -10.4184 -0.605302
9 3 truck 1037 162 204 92 15.8207 -9.59601 -0.588598
10 3 truck 1069 160 169 97 8.16325 -4.00522 -0.17721
11 3 truck 1092 160 149 101 16.4288 -12.7986 -0.220733
12 3 truck 1108 167 133 102 16.4048 -12.9296 -0.206518
13 3 truck 1122 170 119 96 17.0885 -14.9841 -0.296811
14 3 truck 1133 176 108 89 17.6015 -16.5401 -0.277867
15 3 truck 1138 178 103 87 22.5558 -20.7335 -0.0977986
16 3 truck 1141 182 100 80 18.7257 -20.1618 -0.13736
17 3 truck 1141 182 100 80 18.8446 -21.0465 -0.194001
18 3 truck 1132 180 109 86 19.2007 -22.791 -0.172775
22 3 truck 1095 180 124 79 18.0466 -27.1754 0.492477
23 3 truck 1078 182 119 77 17.7273 -28.9779 0.492959
