1 2 car 830 161 161 88 14.1209 -5.33354 -0.635104
2 2 car 855 160 169 91 17.7798 -7.81835 -0.532059
3 2 car 882 159 173 90 15.0928 -6.17376 -0.484721
4 2 car 903 155 188 92 15.0928 -6.17376 -0.484721
5 2 car 937 159 191 86 14.6743 -6.35051 -0.399642
6 2 car 965 161 196 87 13.4227 -6.07995 -0.318304
7 2 car 989 160 210 92 13.6105 -7.12203 -0.590282
8 2 car 1021 161 211 93 15.3478 -8.92875 -0.621783
9 2 car 1042 157 194 98 15.7753 -8.72147 -0.584211
10 2 car 1071 157 170 100 7.79009 -2.86546 -0.163122
11 2 car 1093 158 148 100 7.79009 -2.86546 -0.163122
12 2 car 1103 160 136 99 16.1097 -12.9167 -0.183598
13 2 car 1123 169 117 99 16.1097 -12.9167 -0.183598
14 2 car 1123 169 117 99 16.1097 -12.9167 -0.183598
15 2 car 1123 169 117 99 16.1097 -12.9167 -0.183598
17 2 car 1123 169 117 99 16.1097 -12.9167 -0.183598
